1434033321328189440
1434176818802741248
1434276199648448512
1434469367236988928
1435649569514303488
1435630133851873280
1435625936058294272
1435743364545134592
1435855138195976192
1435915137307889664
1435958310533050368
1436009646456717312
1436017654989524992
1436041180387725312
1436059291249790976
1436380250456399872
1436292803068375040
1436320522598498304
1436628781259710464
1436747667346972672
1437462957936545792
1437875456649351168
1438261763359793152
1439197813292871680
1439247949096226816
1439577753733509120
1439834342365310976
1440262533412126720
1440602594049593344
1440638757191909376
1440942539759042560
1441158830285414400
1441376174190456832
1441459062898577408
1441471131089657856
1441514890036875264
1441488985579208704
1441512434745872384
1441778661015887872
1441840127668535296
1442228311468519424
1442623673714855936
1443185640313655296
1442901491690340352
1442894183480500224
1443117359967916032
1443175808621744128
1443290835030876160
1443709578898722816
1444581848982622208
1444609769520701440
1445375176879874048
1445403624004325376
1446877329997942784
1447094785462968320
1447103610198835200
1447463160563240960
1447560245157453824
1447923492620587008
1448541984470315008
1448651534007369728
1448724359577804800
1448939157452099584
1448961728423862272
1449062147741388800
1449333841194270720
1449325623697100800
1449388145619898368
1449396462446600192
1450000365957652480
1449764688590483456
1450260690279743488
1450454071840854016
1451962881399009280
1451132491927072768
1451165516714979328
1451498639596171264
1451663681788514304
1452350429719896064
1452324528026181632
1452695759183302656
1453013346144358400
1453005441903075328
1453234671463116800
1453422606305173504
1453302110578163712
1453529215333175296
1453785549479809024
1453752951495970816
1453745193858048000
1454776185108455424
1455521375691714560
1455503634045755392
1455639225861394432
1455614225246826496
1456312061223387136
1456160658505011200
1456268295976341504
1456359124837482496
1456366676807663616
1457385115974254592
1457822270387363840
1457668872174247936
1457763964947996672
1457779431909457920
1457804871982215168
1457969256369430528
1458029418442543104
1458086758197956608
1458368404004429824
1459883894216577024
1458152725078810624
1458171763318304768
1458203858598047744
1458360342250147840
1458380025808424960
1458495239753175040
1458457847650525184
1458431083557658624
1458526821675380736
1458523079857037312
1458687040925622272
1458697944346021888
1458896691948658688
1459093013469274112
1459090773635477504
1459107394303238144
1459262964184268800
1459466833334091776
1459579275363946496
1459533668591013888
1459590277224669184
1459907851971928064
1460189605727252480
1460446951254765568
1460200791374016512
1460306378988392448
1460494958301954048
1460523505376768000
1460546453399556096
1460669896300318720
1460604315551375360
1460623317929451520
1460631454900232192
1460660041032376320
1460664803597422592
1460664044587823104
1460694776915836928
1460864423900364800
1461786940068478976
1460882679696658432
1460939978373046272
1460963209234554880
1461272813323657216
1461272085251166208
1461305004489330688
1462305423818698752
1461420710493134848
1461680585722712064
1461657548478636032
1461707610827153408
1461720069071941632
1461969518956355584
1462072661803257856
1462139459051438080
1462345341458694144
1463249537431179264
1463569607692849152
1463438167311327232
1463654152257642496
1463690604248973312
1463742640055365632
1463808198238953472
1463811968704421888
1464331992124829696
1463992172844310528
1464234579108241408
1464009384657313792
1464124522089566208
1464152459564228608
1464146781239971840
1464158669470408704
1464321141409996800
1464227193245077504
1464312417140289536
1464540434399698944
1464866943090012160
1464933412905574400
1464929874343305216
1464941172347056128
1465052137877090304
1465208558895734784
1465191780765376512
1465598385835196416
1465681247674454016
1465708526597140480
1465996113157279744
1466024558369153024
1466037905189703680
1466036526689792000
1466786441422327808
1466322445468581888
1466528928659656704
1467612031356485632
1466756824930074624
1466818858963120128
1467040778946031616
1467139096204259328
1467181525477298176
1467547500068360192
1468001238855860224
1467835277012090880
1467856230215467008
1467896139064217600
1468543037773074432
1468693960700968960
1468937751080882176
1468967634200764416
1469353058140368896
1469560422693064704
1471022313483161600
1472515086719897600
1472243140547555328
1472213785935073280
1472626290897391616
1472650274082799616
1472857935076335616
1472876043354710016
1474341767570935808
1474245869146943488
1474814384585297920
1476586269270491136
1477250666867437568
1477338972275810304
1477715700877828096
1478363955840131072
1478702045297319936
1479068251531493376
1479153221117652992
1479460399292559360
1481889738978205696
1482415341531709440
1482659522602799104
1482807328458039296
1482840675175518208
1483756783965462528
1484109692813168640
1484166230630187008
1484278801295200256
1484559929780416512
1484628366636556288
1485264606528524288
1486271031232847872
1486290261923794944
1486362622215741440
1486486179168100352
1486547317482262528
1486968163174694912
1486764906796183552
1486955053311496192
1487393328392028160
1487668681412956160
1487864993785778176
1488850897274912768
1488946659711242240
1489724968707530752
1490302469695492096
1490984989324099584
1491694506051346432
1491931178756157440
1492114570302869504
1493121644931473408
1493519552512204800
1493592208217419776
1493834568872439808
1493869130428071936
1495446483021225984
1496473130021314560
1496860664865898496
1496993242616930304
1497342156473778176
1497199605360078848
1497890107034112000
1497897331232059392
1497985290484416512
1498286305259753472
1498545959940276224
1498353237027704832
1498225759487467520
1498276367405826048
1498391982686846976
1498326988054016000
1498423684272427008
1498587429355372544
1498745320896925696
1498928651374632960
1498797286758965248
1499030638015520768
1499036630681858048
1499101666460717056
1499255992583962624
1499254831185375232
1499311301184700416
1499381438277369856
1499444229289955328
1499767348064051200
1500042148040908800
1500224772642414592
1500401223622660096
1500416410383785984
1500496400840282112
1500735106750861312
1500441319222779904
1500918191345836032
1501190727438675968
1501443390122213376
1501210808868610048
1501237003710570496
1501272676697968640
1501581463732510720
1501829752725942272
1501861316432216064
1501875336862224384
1501904650110476288
1502151318097448960
1502244586693054464
1503065658896142336
1503389483915390976
1503292838980853760
1503319425633693696
1503442690943467520
1503612250866733056
1503767279338725376
1503753175416848384
1504062030332022784
1504417508866117632
1504353584682606592
1504777746379067392
1504937036293316608
1505223175889633280
1505442632700510208
1505460644589588480
1505459674992230400
1505660401966538752
1506984712304304128
1506905905631313920
1507117721212932096
1507300866319175680
1507360469811703808
1507388294912483328
1508084021930209280
1508725607110221824
1508799551691534336
1509084758634082304
1509045502008078336
1509833119846776832
1510225441356926976
1510299248365035520
1510917290031730688
1511259988882305024
1511260260878766080
1511392890483879936
1511232713235353600
1511342399552958464
1511655304395698176
1512717623158575104
1513044360409067520
1513242698936946688
1514649633326346240
1514503367065747456
1514705928423149568
1514897322655862784
1515581198197792768
1515375400440012800
1515654125383557120
1515717195258634240
1515784344039735296
1515939795847065600
1516132723299082240
1516340117853593600
1516312477373550592
1516476795654135808
1516456994001014784
1516803409462108160
1517199730782126080
1517057487739969536
1517075759994712064
1517117748261924864
1517865367909109760
1518881051732594688
1519354558610382848
1519640208077119488
1519401977029042176
1520111864558018560
1520004029438431232
1520286357402365952
1520348728237957120
1520333886764552192
1520341847146700800
1521155388078497792
1521946143885778944
1522179677271506944
1523255074088112128
1523926393570140160
1524438343341203456
1524424004274114560
1526525088597741568
1526598471230300160
1526815750765289472
1527338217929728000
1528013814620377088
1528123255940579328
1528468582019043328
1529061246099763200
1529066030349406208
1529087384268201984
1529188268167815168
1530199649675620352
1530283188005781504
1530592515325415424
1531698366039609344
1532621403144523776
1533132049195876352
1534800690719096832
1535337785535627264
1535602510643318784
1536649088640458752
1536951391016701952
1537001298708643840
1537432035668598784
1537727710163787776
1538988608669069312
1539268663974543360
1539158278353178624
1539872748335505408
1540012173702955008
1540268954253393920
1540300111770750976
1540749631230836736
1541307141448933376
1541160970558611456
1541146219183063040
1541306853526835200
1541647855835787264
1541674475623940096
1542050266983415808
1542103906267942912
1543697251280818176
1544392854637772800
1544525644926750720
1544762738756358144
1545321159444553728
1546396426615328768
1547251800193093632
1547843865821925376
1548992765685637120
1550239726195691520
1550464905211482112
1551149115358253056
1551215447546249216
1551807570804936704
1551989167390969856
1552561439054897152
1552644325573623808
1552671028735889408
1553049134340481024
1553422190250426368
1554048221252550656
1554170247325827072
1554352962918666240
1554376179670556672
1554820321529708544
1554980560371580928
1554913244778741760
1554931136060657664
1555574209371406336
1555415973993365504
1555246720241602560
1555499579352780800
1556192220604207104
1557240587614560256
1557618362116706304
1559156162456600576
1560325465268752384
1561022001178869760
1561109279213502464
1561770379919728640
1561762618804682752
1562051023853715456
1562147957348122624
1562161266315202560
1562379326628175872
1562428357857648640
1562465083829399552
1562887976367009792
1563117454267936768
1563284644048809984
1563508695161802752
1563785774763491328
1564599052473405440
