1433194865102409728
1433690301227573248
1434537486550814720
1435231932518998016
1435271167007502336
1434827459761950720
1435165869135511552
1435163662751313920
1435617695114932224
1435493887473299456
1435994773521842176
1436579704404910080
1436653923495030784
1436666285320966144
1436989754403430400
1437083767160586240
1437289869643026432
1437496132062482432
1437858493042675712
1438071436271398912
1438522954082492416
1438874927856238592
1439306472626835456
1439400036165689344
1439546824688377856
1439989427808481280
1440251097264754688
1440741878916259840
1441044810417180672
1440953272592781312
1441074079277232128
1441076824537276416
1440997026548928512
1441806828657000448
1442630168745553920
1442744304716468224
1442964976529035264
1444609654349254656
1443249319092625408
1443468679220539392
1443466310944444416
1443562936786735104
1443911388385226752
1443598607752519680
1444002869263405056
1443945953052999680
1444044249809424384
1445821952359235584
1446088998481534976
1446742404892135424
1447595646173732864
1447894944727904256
1448726998793195520
1448786135367434240
1448898607747375104
1449683910418391040
1449362795766685696
1449743273963163648
1449792928419926016
1450335304410357760
1450323642852708352
1450378637203673088
1450513092216074240
1450915275054911488
1475954033764573184
1451183829469712384
1451458463540944896
1451746884729643008
1451496614590300160
1451489077803487232
1452114287506309120
1452198368558604288
1452717839710932992
1452998417324589056
1453027095085518848
1453118689511882752
1453261461359321088
1453295844942393344
1453345605812637696
1453323037584015360
1453629626320920576
1454358006704058368
1454444341418774528
1455231691954565120
1455262473062428672
1455916705469935616
1456365776361959424
1456579754694483968
1456693385151062016
1456950537480511488
1457047040291221504
1457420869538619392
1457516037658791936
1457632257640906752
1457677687875584000
1457687748240891904
1457793097786544128
1457734143052328960
1457740045092274176
1457757793826525184
1457762011287281664
1457767075917746176
1457799423992369152
1457988684083519488
1457966098389868544
1458080984612605952
1458094442611621888
1458153106299133952
1458294705796657152
1458297836370604032
1458344764319862784
1458347163415719936
1458441416494002176
1458370927394185216
1458396750214057984
1458407227727953920
1458483274683191296
1458474623507566592
1458562089522548736
1458749937387249664
1459040937917702144
1458730480346533888
1458747181184258048
1468648765594771456
1459152319669538816
1459154410290954240
1459067416915460096
1459569457634885632
1459171876492742656
1459207850841067520
1459445147926683648
1459511021870239744
1459547385554776064
1459565306871955456
1459588757183684608
1459796608275656704
1459904715110690816
1459837911491354624
1459934160198549504
1460200239361671168
1460268491576156160
1460230292078276608
1460343802145685504
1460349345472172032
1460586079334113280
1460692154242764800
1460603227846721536
1460654010029981696
1460632689644552192
1460645651939737600
1460654806570315776
1460692529125466112
1460902372725694464
1460873881288331264
1460911812950609920
1460996946047418368
1461064320842878976
1461275305482637312
1461457846936256512
1461370377842700288
1461414843806855168
1461442805239320576
1461432113689989120
1461598139966754816
1461966417599860736
1461730580350054400
1461861862249803776
1462050131767930880
1462127904188514304
1462407534715801600
1462485847748530176
1462787014345035776
1462770067536592896
1462816849926705152
1462855013575892992
1463616349888987136
1463599467072999424
1463609984873287680
1463618680902897664
1463810296125009920
1464144328868126720
1464143881612713984
1464322400414224384
1464358100819918848
1464673387272409088
1464908903821496320
1464878207463792640
1464897796352450560
1464925456461934592
1465019530787368960
1465337915895173120
1465518092545634304
1467166156981157888
1467466966558466048
1467493659050483712
1468057956709195776
1468467613558878208
1469209620426203136
1470068169612136448
1470515136456802304
1470514065973944320
1471472795834011648
1470844742921605120
1471064320893145088
1471795833507127296
1472126085387149312
1473253221384835072
1473276309048545280
1473425959185522688
1474686186706845696
1474771493452140544
1475019728137723904
1475129103841955840
1475218140317507584
1475399391833993216
1475394385776943104
1475406530304479232
1475427627439640576
1475807997033074688
1475825972310126592
1476309896492720128
1478850610019639296
1481146900447440896
1481383319417896960
1481942949420228608
1482789874176606208
1483062319185907712
1483125088304173056
1483904735912644608
1484515491561582592
1485671598418010112
1485705657491857408
1485943638098071552
1486787896199819264
1487449079403659264
1488859737672544256
1489201414022877184
1489243470883524608
1489241365619879936
1489341683460460544
1489346157063122944
1490239722903552000
1490993494843789312
1492178865497817088
1494302624086114304
1494557006602162176
1494564998202511360
1494974296980172800
1495338173219618816
1495836257846534144
1496573585657315328
1496794031245783040
1496872262024118272
1497195536750944256
1497833894439235584
1497498229046493184
1497526188935454720
1497594076014784512
1497630455075647488
1497837666041270272
1497947772338724864
1497949958288424960
1498017672885383168
1498089527474368512
1498302696666902528
1498546744442986496
1498304677200502784
1498389265151139840
1498392316385636352
1498594034839097344
1498896030787584000
1498573304046755840
1498704101110128640
1499298732197748736
1499300759212642304
1499330607993741312
1499346301972099072
1499347248261521408
1499413125883383808
1499410611574292480
1499417725483036672
1499456790831980544
1499835354513391616
1499786543233441792
1500181936257515520
1500032798412976128
1500043812936290304
1500188817587904512
1500421315068637184
1500429230110396416
1500453641718845440
1500444358092460032
1500451594495746048
1500448301883273216
1500570942933712896
1500786199627239424
1500867931252604928
1500879414233546752
1500932130662137856
1501117110059081728
1501542794128760832
1501265485777625088
1501368338328567808
1501578621772783616
1501599538364174336
1502026779552276480
1501837189889638400
1501937907518476288
1502206357105258496
1502257387478126592
1502353885209538560
1502361210225926144
1502400712399073280
1502634635163049984
1502665722870308864
1503276981760180224
1502995252604506112
1503020087208726528
1503094385797476352
1503281605103788032
1503266511808512000
1503685257610076160
1503812172459167744
1503749649433309184
1503797785803563008
1503838910618685440
1503840831874252800
1504802787842002944
1503995327547858944
1504073590211510272
1504395682731466752
1504523157440536576
1504485277389139968
1504505993148915712
1504526491069173760
1504527541788418048
1504530767078113280
1504549297114734592
1504713600149118976
1504713881406558208
1504877812565647360
1504778772721147904
1504857101058940928
1505159898371395584
1505188965225320448
1505552301074878464
1505537138263269376
1505549049939824640
1505637139274514432
1505869533105504256
1505876167387226112
1505991181318119424
1506534436115988480
1506532805450342400
1507092709441478656
1507281000056995840
1507290929161506816
1507492974229397504
1508511890338725888
1507743117285498880
1507797702586871808
1508049600560742400
1508088641083609088
1508360989493837824
1508354841449488384
1508477482105720832
1508439010489905152
1508551367123681280
1508766175425146880
1509192716831408128
1509202355673354240
1509600935907147776
1509508622971191296
1509863800916303872
1509955611659845632
1510169157773533184
1510869469362597888
1510941468231352320
1510923682369228800
1510933600606298112
1510943018626465792
1511205930603581440
1511353230982320128
1511348939924123648
1511361575680102400
1511367646423433216
1511367310719729664
1511777696073850880
1512016970186694656
1512076504972218368
1512186488687108096
1512311560089264128
1512395547071627264
1512519754858307584
1512861429895991296
1513127697718861824
1513136378124636160
1513616726818238464
1514585589106028544
1514571014042267648
1514704839258914816
1514855914985205760
1514877570088685568
1515064471806525440
1515205898234441728
1515799907730345984
1516973485414928384
1516880746660737024
1518410536622469120
1518566231493783552
1518631936100610048
1518618106066841600
1520110489577140224
1519365761873190912
1519548328278646784
1519550332661112832
1519586933516771328
1520033953071173632
1520685381880061952
1521822599864631296
1523295096812470272
1523313853589000192
1524848386834415616
1525428069544214528
1525793960563601408
1526117240109776896
1526466564819763200
1526584594098802688
1526606119203905536
1526877800539594752
1527265298705006592
1527694325563498496
1528356771785584640
1528652275383783424
1528716109586767872
1531874656344584192
1534107202579046400
1534229087341928448
1535127467341631488
1535547256111349760
1535662150672433152
1537009960852267008
1537411333649571840
1538849898145230848
1539196578065440768
1539115037050257408
1539503521619488768
1540531366340747264
1540321372999745536
1540459703704211456
1541378027212443648
1541657884836118528
1542036811706519552
1542012709398630400
1542421713874477056
1542943587868049408
1543015064239841280
1543473405273542656
1543834635607629824
1544342842922770432
1543964676270211072
1544372590986264576
1544350062146269184
1544576466767253504
1545292490378551296
1545301050399285248
1545041701793775616
1545334088369946624
1545980275238338560
1546475061665845248
1546869595163840512
1546541042027171840
1547647835285233664
1549093179059847168
1549397904808460288
1549695051139366912
1551227063063158784
1551291566895112192
1551978356744372224
1552348247120805888
1552602697957867520
1552991350764756992
1554061436359512064
1554518285621886976
1555528542951186432
1556400439188508672
1558074395578466304
1559104189141340160
1559472943746408448
1560274199914364928
1560627414744670208
1560695058302640128
1562097071150227456
1562142954252386304
1563900417687408640
1564006986571726848
1564503320051449856
1564611789878337536
1564833806753972224
1564955561380249600
