1432975636348477440
1433063422321700864
1433062547872272384
1433547673374760960
1433537719372763136
1433716816661159936
1433664879982960640
1434881454849286144
1435320654488903680
1435917233230913536
1437068793646305280
1437312480829652992
1437352837642694656
1437391055805206528
1437459282128216064
1437888809757249536
1438034840297918464
1438292933258752000
1438411660578983936
1438496639509958656
1439188357788151808
1439210564987887616
1439307025394061312
1440370694852775936
1440535344860962816
1440709633211916288
1440757737365803008
1441443324393672704
1441756788622200832
1441693823340527616
1441814411841196032
1442193642865582080
1442366259597774848
1442380060313337856
1442816037888610304
1442837522506305536
1442899296328708096
1443179148772626432
1443525901719834624
1443529471001341952
1443556639479578624
1444034206988898304
1444035115382943744
1444267056568971264
1444197606880591872
1444245674833424384
1444988630397771776
1445043070177841152
1444951524254392320
1446406707433857024
1446209046764298240
1446455485243199488
1446393583255359488
1446768589005115392
1446543421146009600
1446734281649315840
1446744266831712256
1446758402923896832
1446759540989497344
1446877015106281472
1446835010783358976
1448045856817565696
1448240063117242368
1448559574114611200
1450479426165166080
1450775577951186944
1450836625664225280
1450866923323990016
1451089226297131008
1451186893484290048
1451606395741253632
1451583035216891904
1451613562321965056
1451586764355874816
1451947913354043392
1451868447437111296
1452231377617932288
1451848581372170240
1452521020426960896
1452598479335968768
1454125711376199680
1455515812740009984
1455594141589573632
1456225873380642816
1456298850143047680
1456623434302099456
1456664014432481280
1456901809499525120
1457078046498992128
1457372809953517568
1457408810092482560
1457403942871048192
1457657954166054912
1457739582426988544
1458049579157438464
1458167515662753792
1458350596101181440
1458523836320735232
1458402068973109248
1458453068849287168
1458566723947442176
1458584387486953472
1458699903375454208
1459096143460245504
1459275709193539584
1459492459675795456
1459500720026234880
1459861619052326912
1459838378933985280
1459859641282801664
1460574555970355200
1460937088313012224
1461248753562697728
1461396346234183680
1461569192906399744
1461967625647542272
1462006490995249152
1462364478532636672
1462460421902934016
1462440163011878912
1462676425593573376
1462856253923811328
1463133314722709504
1463571947753717760
1463775185258098688
1464252271307501568
1464716152354091008
1464868176995524608
1465004212606148608
1465037809018888192
1465601870202867712
1466198770182467584
1466033505197072384
1466431289674850304
1466699097977626624
1466727848811585536
1466753295624642560
1466805034088292352
1466819910638743552
1467258357572673536
1467407693824544768
1467803659052457984
1467809571095953408
1467855859850125312
1468252943065530368
1468876878379458560
1469249950563323904
1469254679326601216
1469310102922534912
1469355850154352640
1469635799968845824
1469650643694596096
1469913894500110336
1471019572325195776
1471091043772870656
1471371768493391872
1471439866995032064
1471799722650255360
1471580449948508160
1472105545465278464
1471885089088880640
1472145916589187072
1472191599593598976
1472854295976550400
1474000385866149888
1473964543764217856
1474166875974156288
1473976252893704192
1474142790284156928
1474141612506812416
1474673454708363264
1474401134232182784
1474827343248211968
1474639566434934784
1474656208405643264
1475047791923802112
1475224010984153088
1475114519978459136
1475273820034449408
1475884917728886784
1475239984240209920
1475812880486383616
1475898355486281728
1476070362861420544
1477242696511246336
1479099785139433472
1479483929002397696
1479741709735153664
1480571638945038336
1481243499441831936
1481696081817878528
1483323780202176512
1483820224008888320
1484495035185913856
1485167081079414784
1485887426392465408
1485906721675620352
1486739897734119424
1486755241664348160
1487049567833145344
1487057288422739968
1487425356541968384
1489164581863895040
1490429985496178688
1490416475563339776
1490450491247058944
1490673385252306944
1490726487246397440
1492134316645703680
1492441070071947264
1492610509245456384
1492972676259975168
1495036254622208000
1495105884862783488
1496489828464091136
1496537480278982656
1496760699040591872
1497122927942197248
1497498922289442816
1497496654055755776
1497551376548835328
1497871263242629120
1497895535813935104
1497908157003272192
1498309925830860800
1501457890724528128
1498382512443297792
1498674623684268032
1498739119421370368
1499023881104986112
1499252483637530624
1499129943254515712
1499269836496678912
1499284564207980544
1499738549977071616
1499820225608486912
1499720337755357184
1499760388530847744
1500089854469750784
1500221144456212480
1500395903458459648
1500428862806806528
1500472930052059136
1500469116418854912
1500853488372363264
1500852884648435712
1500935977946300416
1500905418780024832
1501218218442166272
1501428117239390208
1501635531091988480
1501661353815298048
1501599703527477248
1501961933305663488
1501999912405372928
1502013552722333696
1502180043530948608
1502254396515971072
1502235498349215744
1502247477369524224
1502774649654030336
1502753607283843072
1502702698990391296
1502932585042829312
1502904424842383360
1502957764645163008
1503095922229661696
1503302866844495872
1503420751906496512
1503451693727555584
1503637728885297152
1504061403518410752
1504062476161359872
1504511162989359104
1504196085778194432
1504449305364553728
1504453608972201984
1504463498763415552
1504542766377938944
1504736717571608576
1504760678258823168
1504799771755749376
1504786393469497344
1505296658732617728
1505423774845448192
1505453536074776576
1505788737128706048
1505590242916679680
1505883288707158016
1506237544115183616
1506220817474101248
1506350980421623808
1506523082491629568
1506836373533335552
1506872308690034688
1507120590842380288
1507095454974201856
1507400911135592448
1507703600075714560
1507836639388880896
1508183133274968064
1508122720227278848
1508358956103745536
1508462602564866048
1508676744252997632
1508769135983046656
1508789518744313856
1509575880867209216
1510233665795772416
1509974035211374592
1510341406027563008
1510606121064620032
1510871440639283200
1511308027902795776
1511927719902302208
1512061489061851136
1512369568622202880
1512686889526046720
1512510668519399424
1512836379847364608
1512818016844718080
1513011736676380672
1513146543515258880
1513221078587523072
1513160369170173952
1513166446016307200
1513377198962532352
1513866824525434880
1514184571302129664
1514173856273080320
1514187471864705024
1514661773672075264
1514586804468469760
1514627621103054848
1514661671847043072
1514835211778985984
1514903453394509824
1514870000858902528
1515199625837387776
1516724034301538304
1517143010705764352
1517833425926897664
1519314702001709056
1519571895498256384
1519848707272986624
1520478493150228480
1521106891551748096
1521555294156955648
1523963276471808000
1524420669865345024
1525038226658021376
1525248589185929216
1528422285807435776
1528364120524963840
1528807229763293184
1529367964318896128
1529378507704483840
1529683135348326400
1529927534963572736
1530258988322934784
1531221757444726784
1532251027004604416
1532267990644826112
1533351988007780352
1533216560495599616
1533335500798541824
1534041950130675712
1533819288729026560
1533818604113764352
1534053592948154368
1534624879747670016
1534246525135728640
1534624787548749824
1534500781428199424
1535175374346371072
1535596120415645696
1535867060768722944
1536379851950632960
1536694852083228672
1536997294473633792
1537084737789087744
1538067774521626624
1538138687904436224
1538499983221133312
1539622484441456640
1538829130518634496
1538877008104529920
1538938570781732864
1539706664433115136
1539616306881875968
1539965503745142784
1539975725368782848
1540792658171396096
1540802757849845760
1541374056150274048
1541050137472110592
1541134161712480256
1541228301099974656
1541341371931541504
1541373224797208576
1542056222513405952
1542161101474889728
1542496970933141504
1542473330955091968
1542755256551055360
1542953042789769216
1544591978712662016
1544391084763127808
1544433106198974464
1544937599374135296
1544618221394862080
1544936445282066432
1545390222543929344
1545380425895485440
1545411630187663360
1545672511555346432
1546272472701485056
1546367214953046016
1546422524824768512
1546939377867276288
1547087115250540544
1547958711452217344
1548238804225445888
1548635172018573312
1548732289907146752
1549135898234732544
1549732488242659328
1549784171895308288
1549831689156845568
1550598817040547840
1550886308033302528
1551215686382493696
1551314329194094592
1551486828829724672
1551582030718111744
1551513365159239680
1551513688938528768
1551668059164839936
1551963563635482624
1552203449349046272
1552481728350113792
1552553047917842432
1552585583536619520
1552656813572599808
1552945815332835328
1552901217667497984
1552974141434859520
1553262469749112832
1553268121816940544
1553305558186430464
1553457856200036352
1553682520251695104
1553699301855035392
1554028965672763392
1554055473879449600
1554351891496243200
1554065072984653824
1554094122016858112
1554574595260309504
1554724325202198528
1554751083800657920
1554917176104067072
1554909964111593472
1555441922315100160
1555056207173402624
1555156432605028352
1555438131465289728
1555459115765334016
1555822829890899968
1555804342602571776
1556356103004463104
1556683261987938304
1556650785945026560
1556670094381617152
1557286715114528768
1558816518019981312
1559074870138380288
1559467902134272000
1560697666475937792
1561377267397365760
1561473248973541376
1561749973133303808
1562682099970494464
1562729870303842304
1563193399049879552
1562906775745331200
1563892179801612288
1563605502361186304
1563776761183326208
1563979204189880320
1564139224617652224
1564230944273448960
1564336836629172224
1564363426159370240
1564491841885671424
1564577963286433792
1564703881162104832
1564793460179206144
1564950644355653632
1565096803787313152
