1499744087053942784
1499637096704880640
1499860382562848768
1499633884811743232
1499634026503708672
1499634410286727168
1499634429559508992
1499634451269271552
1499634595611824128
1499634720300281856
1499635125520322560
1499635619215126528
1499635760940650496
1499635975068258304
1499636006563332096
1499636535209119744
1499636586841055232
1499636839598243840
1499637046301937664
1499637125356077056
1499637523941040128
1499639148327710720
1499639374023168000
1499639401361641472
1499639753737744384
1499639794825060352
1499639851712405504
1499640160157372416
1499640193497935872
1499640284283604992
1499640654451941376
1499641271585062912
1499641436853186560
1499641811660423168
1499641907617710080
1499642349915365376
1499643395979022336
1499643631149453312
1499643747642007552
1499644242351767552
1499644269509885952
1499644319677964288
1499644603548545024
1499644748386156544
1499644772851625984
1499645153618890752
1499645396997611520
1499645620260384768
1499645749650411520
1499645931687403520
1499646094166433792
1499646155302526976
1499646237129199616
1499646307669008384
1499646761698217984
1499646918955315200
1499646969114935296
1499647020973404160
1499647139269562368
1499647329674084352
1499647605034397696
1499647937005117440
1499648011739320320
1499648018890514432
1499648404753993728
1499648435200278528
1499648556713533440
1499648583448113152
1499648776406974464
1499648859835875328
1499647910434193408
1499648666033963008
1499648883865051136
1499648944955170816
1499649001402122240
1499649652064460800
1499650188524277760
1499650198997450752
1499650369235963904
1499650639781146624
1499650777832374272
1499650847319502848
1499651005796990976
1499651095144144896
1499651170469564416
1499651395754106880
1499651636108664832
1499651854438969344
1499651905609515008
1499652117841252352
1499652368580894720
1499652664212267008
1499652760563818496
1499652963144454144
1499653760783638528
1499653997111779328
1499654026924896256
1499654234538717184
1499654690228867072
1499655045889024000
1499655765455429632
1499656330193293312
1499656445394051072
1499656616408498176
1499656734645837824
1499657244081860608
1499657566250491904
1499656914623467520
1499657533639868416
1499657650891542528
1499657811030122496
1499658094384758784
1499658887938588672
1499658975792533504
1499659366265413632
1499660443002015744
1499662820077719552
1499663615691038720
1499663709047824384
1499665437067468800
1499666093786472448
1499666659317059584
1499666898014904320
1499667026691903488
1499667428095102976
1499668169329418240
1499670135816298496
1499671415775277056
1499671508616196096
1499672920808902656
1499672971010625536
1499673052380114944
1499674091611115520
1499674778533302272
1499675098705448960
1499675159682289664
1499677328636780544
1499678129501126656
1499678696784941056
1499678754808938496
1499678842230878208
1499679381895233536
1499680872949297152
1499681483354783744
1499681490413801472
1499681777396461568
1499682041557827584
1499684525001089024
1499684849757659136
1499685800371437568
1499687420865961984
1499689720363855872
1499695522512265216
1499698788616843264
1499699876149485568
1499702888800604160
1499706198504968192
1499706469352189952
1499709214666723328
1499709458259353600
1499711985654677504
1499713828514324480
1499716940054646784
1499722332524396544
1499725026177736704
1499725369179574272
1499725904758689792
1499732458119602176
1499733469118799872
1499738659960074240
1499739923900948480
1499743259807129600
1499744152472412160
1499744447835353088
1499745894148755456
1499752277120323584
1499765399575052288
1499766355192647680
1499768075457118208
1499776462479671296
1499776632084652032
1499787752883245056
1499792886812090368
1499793736372473856
1499804185256157184
1499805942933827584
1499815495821934592
1499879533155131392
1499984650822991872
1499991787657699328
1500048646338924544
1499644387680309248
1497336179322204160
1497336714024656896
1497476070215454720
1505530712019111936
1505532246102622208
1505532496817106944
1505537101022040064
1505540790860320768
1505545419367059456
1505557652713189376
1505562265986248704
1505566004360982528
1505527937893912576
1505529924706316288
1505533480775651328
1505563371407618048
1505569256901128192
1505570039726059520
1505578341914529792
1505578782652092416
1505582718351990784
1505583595901132800
1505586276493365248
1505589332849184768
1505590337552764928
1505591958420533248
1505592161215168512
1505596280189370368
1505599191736889344
1505600228937936896
1505604529387028480
1505607762130223104
1505610979232657408
1505612999092023296
1505618063999356928
1505628726700261376
1505630226986029056
1505631742455173120
1505631963083902976
1505633368700071936
1505633543061442560
1505634305191694336
1505635664481640448
1505637352558968832
1505637585028366336
1505638914497073152
1505639633677344768
1505641907841552384
1505649296733052928
1505671584916414464
1505672396614905856
1505681495238877184
1505689488521105408
1505781780812636160
1505667647328899072
1505560020880142336
1505637993276657664
1505642254878265344
1505644016708337664
1505813919075606528
1505448234851971072
1505464332850712576
1505468795120402432
1505604821700775936
1505605619776110592
1505642573167222784
1505804711517163520
1505817437018726400
1505817796525137920
1505818497665937408
1505818568579067904
1505820792126287872
1505821969681371136
1505826642916225024
1505832446310457344
1505835187145428992
1505903387828797440
1506221428886093824
1506036674928726016
1505926033106735104
1505928321313521664
1505945827038183424
1505949848947810304
1505951536408576000
1505952399483101184
1505981532695142400
1505983536150593536
1505974558075072512
1505980890631000064
1505985948810629120
1505994796606894080
1505995520619208704
1506002666698256384
1506006825484926976
1506007651968491520
1506017196652306432
1506018846284517376
1506022924272156672
1506117310091862016
1506233049993916416
1506568429951754240
1505923594253213696
1505929511820566528
1506170964781973504
1505932955432198144
1506673034958192640
1506705723652284416
1508023131881218048
1508023240958087168
1507839279657066496
1507946450088509440
1507953616560312320
1507970016263782400
1507985678851788800
1507986715192999936
1507992228727332864
1507758966654308352
1507758983314083840
1507759261216034816
1507759311593910272
1507759503827156992
1507759638863040512
1507759648937545728
1507759704746901504
1507759737097568256
1507759775945302016
1507760116581470208
1507760207916638208
1507760483415244800
1507760786126647296
1507760833253752832
1507760949889019904
1507760366037749760
1507760876203433984
1507761011696279552
1507761201182302208
1507761337371439104
1507761404664848384
1507761563209551872
1507761987081670656
1507762156900605952
1507762252618809344
1507762336723095552
1507762532626440192
1507763093962637312
1507763165333004288
1507763511790907392
1507763677671444480
1507763697531424768
1507763949269405696
1507764032480100352
1507764208057868288
1507765114665115648
1507767851729440768
1507768585573253120
1507768780147113984
1507768972942401536
1507769514758443008
1507769770405502976
1507772473680572416
1507772840531087360
1507773315703881728
1507774126848626688
1507782835658240000
1507782940532613120
1507784460527448064
1507812793034194944
1507773351351263232
1507789659086204928
1507792325329760256
1507801102305181696
1507805089888706560
1507813313585029120
1507822949239246848
1507823561108594688
1507833907969933312
1507836520706850816
1507847914906861568
1507850422488379392
1507851022965915648
1507851637775286272
1507852996356591616
1507853747459960832
1507853972626890752
1507857288115146752
1507889104696090624
1507919471964749824
1507941171749916672
1507956585368326144
1507964107034607616
1507973533762297856
1507992715807674368
1508008974628659200
1508017406349922304
1507839276087713792
1508016924118208512
1508018733092151296
1508147524468682752
1507760585118728192
1507759949828571136
1509038575685357568
1509044531852943360
1509018316127490048
1509024602202251264
1509025123898118144
1509025801408290816
1509032514366619648
1509039381780254720
1509039854948167680
1509047321140645888
1509062126811627520
1509064621205958656
1509067332483747840
1509067512964603904
1509081930352009216
1509082060560166912
1509083723282665472
1509087432679084032
1509096956181860352
1509103522834436096
1509112776949735424
1509130264622022656
1509134327094956032
1509138121820094464
1509187655300431872
1509240374098862080
1509427952156561408
1509085421556359168
1508831396923641856
1508773637209432064
1508774448652070912
1508774672791445504
1508774756555927552
1508774994301628416
1508775069669023744
1508775376943726592
1508775708922941440
1508776450190675968
1508776479328514048
1508776820304404480
1508777058545147904
1508777158193385472
1508777649514192896
1508778232300064768
1508778947567403008
1508779838651486208
1508780430023184384
1508780920395993088
1508781142035640320
1508781561445076992
1508781736104185856
1508781915020615680
1508782386011586560
1508783100486115328
1508783218975293440
1508783269206233088
1508783350328274944
1508782157317214208
1508783506004103168
1508783680717795328
1508784499869593600
1508784577887838208
1508784595180871680
1508784984294924288
1508785328794054656
1508782731739770880
1508783621569753088
1508785810950270976
1508786181093347328
1508786292921974784
1508786382667407360
1508787173566332928
1508787377824751616
1508787550579838976
1508788879742185472
1508791226501316608
1508791814530207744
1508792109712744448
1508795748254629888
1508795805779611648
1508798410576515072
1508798493783113728
1508798581410512896
1508800335359483904
1508800813061312512
1508805361909780480
1508806581084905472
1508808261054742528
1508809081544491008
1508809893326766080
1508812541320957952
1508809248410636288
1508812786889117696
1508812802722512896
1508812805755097088
1508815933875359744
1508816013407698944
1508817970532917248
1508818484498681856
1508818491297746944
1508818817283239936
1508819423297212416
1508819771697111040
1508820174874492928
1508820402763665408
1508821135898685440
1508821362026156032
1508821581212131328
1508802626275749888
1508803265122770944
1508803668262494208
1508804556108570624
1508807368636874752
1508810898852438016
1508819097529815040
1508821716230938624
1508823422993846272
1508824756971311104
1508824935061467136
1508826118740234240
1508830586462515200
1508837164049698816
1508851536591470592
1508851801080180736
1508868424373608448
1508876075673309184
1508877027297968128
1508935503747461120
1508825696667410432
1508836540104982528
1508839732129763328
1508839977274290176
1508851189743591424
1508851553180004352
1508852053963063296
1508856424734109696
1508907920540512256
1508825431897776128
1508827613212590080
1508827723975868416
1508830418031759360
1508833305474572288
1508833946393526272
1508835463842385920
1508835903371894784
1508836209325445120
1508919236038742016
1508924780803723264
1508927679352954880
1508940738272407552
1508946357553401856
1508952752344506368
1508989022831534080
1508837357289721856
1508839835762667520
1508849662622638080
1508851913479135232
1508853194465624064
1508865767382650880
1508870231061676032
1508873976361193472
1508875491528396800
1508837021091041280
1508861728586702848
1508878866953158656
1508881214815539200
1508885618587312128
1508895924092866560
1508901782176649216
1508902316174368768
1508905601241436160
1508910931249709056
1508915082234933248
1508930010773663744
1508978210721124352
1508810489974996992
1508839160550940672
1507761522872885248
1507762179055005696
1507762506252574720
1507797873936719872
1507819566914809856
1507840065858412544
1507062553708568576
1507062923948171264
1507063504850800640
1507065324780363776
1507065756260917248
1507066161087008768
1507067498142871552
1507067671564763136
1507067963152732160
1507069260874592256
1507074216620875776
1508383538743287808
1508385786642767872
1508386011021201408
1508386939883462656
1508507780554145792
1509079369309904896
1508870878888710144
1508875143363375104
1508883210620579840
1508885860481122304
1508894418824314880
1508894955011461120
1508909754575474688
1508929345708044288
1508933999128813568
1508780628208197632
1508737512528826368
1508502688971083776
1508855716341239808
1508856089026125824
1508857220934610944
1508858721346232320
1508860280067010560
1508861059792310272
1508861129027723264
1508863861520277504
1508864785101869056
1508865108038107136
1508476366890676224
1508476384649388032
1508477272545763328
1508477381144625152
1508478121925877760
1508478150421921792
1508478203559653376
1508478891719106560
1508480613426335744
1508481923223588864
1508483646998646784
1508484692126928896
1508489519066198016
1508492149943414784
1508500818160406528
1508505240294891520
1508505856836517888
1508506433658183680
1508506969182777344
1508508325058650112
1508509259276984320
1508511384178466816
1508515530260590592
1508496978757525504
1508508772439834624
1508508980569591808
1508515697160335360
1508515936923492352
1508535248266608640
1508536496143409152
1508546068438528000
1508546555531386880
1508546983946067968
1508547521806802944
1508548484290523136
1508549978741948416
1508550293297897472
1508550470482247680
1508550549507039232
1508552670776340480
1508553575189856256
1508556158834982912
1508560540213383168
1508566824899784704
1508566896773414912
1508567022053081088
1508567966744518656
1508568640991465472
1508588928487804928
1508641244901163008
1508664555303542784
1508673989098549248
1508675006213021696
1508675854288797696
1508600885710135296
1508623442844819456
1508674487407067136
1508676391914590208
1508680153391632384
1508681236822343680
1508686380762902528
1508686734552412160
1508687520074289152
1508689073275289600
1508692337534414848
1508692591461769216
1508695305373593600
1508707741501640704
1508717350840946688
1508717544294830080
1508731404019974144
1508731714826350592
1508731753715929088
1508731784909168640
1508732342386540544
1508732393376690176
1508732428315250688
1508732472464490496
1508734357996982272
1508734752278384640
1508735364550340608
1508735488529780736
1508736068115435520
1508736317672378368
1508737863852175360
1508737892335730688
1508738761437425664
1508740109662920704
1508740545526517760
1508741675459481600
1508744049964027904
1508746155387142144
1508747643752693760
1508747839320600576
1508756787951980544
1508758167848730624
1508760223523250176
1508763020570284032
1508765322504978432
1508766267724992512
1508769421388615680
1508769493870391296
1508769643728719872
1508683417998831616
1508686442041683968
1508688989905211392
1508692585216606208
1508704150321868800
1508709325866426368
1508713097233674240
1508720845946032128
1508722354419032064
1508733550950035456
1508735113085042688
1508737185201201152
1508738643527094272
1508740726976393216
1508744343070330880
1508747664074100736
1508748504780394496
1508755040462323712
1508755521444233216
1508771855074799616
1508774088956858368
1508777175712997376
1508786133664251904
1508786447100301312
1508790054973542400
1508791319749173248
1508804014103797760
1508815689951453184
1508755884922523648
1508756644905246720
1508770740551757824
1508772888408903680
1508773820701843456
1508775830083747840
1508781539429163008
1508783581304393728
1508788168652382208
1508803186529865728
1508806148442533888
1508806398100090880
1508811651272818688
1508817534358806528
1508819574862630912
1508820894780694528
1508829415454785536
1508831942225051648
1508788381656010752
1508788865154396160
1508790960980996096
1508791449894236160
1508792167791218688
1508792445294764032
1508792600194551808
1508793293072744448
1508833535918067712
1508835473984299008
1508836948609220608
1508848051913433088
1508849306123620352
1508852138302132224
1508853865034260480
1508798778022805504
1508799690665598976
1508815531515781120
1508816467759931392
1508823077492244480
1508830216013164544
1508832937793540096
1508839045824229376
1508840299887575040
1508860044955332608
1508872890304839680
1508874568475324416
1508484078894522368
1508422725634863104
1508472197643395072
1508472326366679040
1508537814195093504
1508705445950726144
1509044316919975936
1508804898300772352
1508806656897036288
1508809350084808704
1508814274969354240
1508816972460531712
1508817389143703552
1508858005332414464
1508898332453658624
1508008572994699264
1508009043071160320
1508012887947845632
1508015254248251392
1508023856551899136
1508035879281041408
1508038785367486464
1508074374527602688
1508073198558007296
1500383684762943488
1500384262389968896
1500390288925339648
1500395112140099584
1500397465991798784
1500399431082024960
1500386085943361536
1499663325432582144
1499664326868807680
1499666236816429056
1499667387590787072
1499678896031211520
1499681123915513856
1499694042044678144
1499694512133877760
1499739221967491072
1498909485628334080
1498909627211296768
1498911731267117056
1498912637727428608
1498914002986012672
1498915456916275200
1498943706854047744
1498946758075895808
1498961875350007808
1498965722185277440
1498965867895345152
1498967881232572416
1498979271523639296
1498981314875305984
1498983651383652352
1498983694123606016
1499023413675016192
1499031244121780224
1499058136229027840
1499146608843407360
1499150929253310464
1499151342400585728
1499158949534253056
1498920427019722752
1501602333825945600
1501602586696339456
1501602795115495424
1501603443202478080
1501606733130702848
1501607728380354560
1501608115116158976
1501608117347717120
1501609472380260352
1501602567687708672
1501610002506817536
1501610126922366976
1501611307530964992
1501622204144005120
1501626451371646976
1501626547534503936
1501627085185589248
1501760420310405120
1501785936547487744
1501785983230124032
1501795457135218688
1501836212927184896
1501843952802189312
1501857651877101568
1501882633114079232
1501890381138599936
1501949893358718976
1501605795456290816
1498025244908470272
1498031367426293760
1498034720742989824
1498057387877355520
1498059277411434496
1498060873268613120
1498077225727496192
1497990774398627840
1497992455928655872
1498021864626659328
1498033396601303040
1498059376287961088
1498077578770456576
1498091182513172480
1498152847262851072
1498248359693410304
1497985689195102208
1497985971832311808
1497985993353404416
1497986081865752576
1497986179433697280
1497986183623757824
1497986674944585728
1497986932290240512
1497989206806835200
1497989464421015552
1497989532263800832
1497989717731725312
1497989754431934464
1497989842843541504
1497990556219228160
1497990591984062464
1497990915511750656
1497990989268414464
1497991209297620992
1497992133344698368
1497996382438891520
1497986150350340096
1498002802139824128
1498009678269276160
1498009906837921792
1498012311382118400
1498016326874542080
1498020113219473408
1498020299777974272
1497990543481081856
1498021610237964288
1504068607503908864
1504069257172340736
1504069264701116416
1504069841275211776
1504071104285097984
1504072854538698752
1504074803711467520
1504076387044540416
1504077501303345152
1504077507812900864
1504077659239763968
1504078320408969216
1504078857300815872
1504080278079348736
1504080770922594304
1504083245058740224
1504083656134082560
1504083972543979520
1504095646021730304
1504098446722191360
1504128646906359808
1504133703693475840
1504148127695126528
1504155315754967040
1504191703720333312
1504216290243878912
1504324632740048896
1504350235103010816
1504382137788682240
1504418837957074944
1504069216563044352
1503286820058144768
1500806475433787392
1499771089454616576
1499775317833138176
1501899636373549056
1501932251268878336
1501969858786910208
1502026839560183808
1502033410746896384
1500168817158373376
1500179381213437952
1501640223658287104
1501641856446308352
1501659466017689600
1500939794272198656
1500941263138344960
1500941431376166912
1500744727179767808
1500746174336282624
1500790391813156864
1498638249732026368
1502740133438705664
1502771486037270528
1503091998093369344
1499258557346234368
1499300676198977536
1499811476214796288
1500384054730018816
1497866479143989248
1497880373203714048
1497916570517094400
1497879106167451648
1503424452972920832
1503424932851691520
1503436164090707968
1502558915229327360
1502559137099563008
1502571700881399808
1502588294172975104
1505159739663167488
1505159999357603840
1505160194807971840
1505160294200492032
1505101528343928832
1505118933019414528
1504785727720247296
1504791564425572352
1504795521566883840
1504801905414918144
1504805592849915904
1505460993182384128
1504898503125909504
1504898554820767744
1504898892135084032
1504899019155324928
1504899105428017152
1504899438673903616
1504900059145674752
1504901006286536704
1504901157038309376
1504901442104090624
1504901739698434048
1504902124320309248
1504903562840715264
1504903838163210240
1504913937799778304
1504914044192497664
1504915541110239232
1504922495018848256
1504930855256567808
1504942246453518336
1504951575982264320
1505067067594186752
1504899698703929344
1505114710810796032
1504868707608236032
1504925456595881984
1505117478531313664
1505267549369425920
1505124420075073536
1505088267024228352
1505090264117002240
1505090566039785472
1505091229914214400
1505091896703651840
1505092527581503488
1505101715670016000
1505108872750587904
1505137123392950272
1505141082761441280
1505144543607410688
1505126169900896256
1504848215761432576
1504832566565773312
1504832622672982016
1504832948968820736
1504833227613257728
1504835411700498432
1504852824643063808
1504867488303091712
1504354176721113088
1504354976965005312
1504355155130650624
1504356715088822272
1504358581600231424
1504358899469672448
1504360035924774912
1504363059564974080
1504363152145883136
1504364547964116992
1504383570772697088
1504405542802006016
1504407925661618176
1504444543999094784
1504446041625710592
1504446853982703616
1504447579358179328
1504448085476454400
1504448930314178560
1504449177736167424
1504427809195839488
1504449188549083136
1504449853379780608
1504449970946121728
1504454417923428352
1504455668698423296
1504458342126825472
1504458787180232704
1504461116541440000
1504453509487513600
1504456822412959744
1504458137734107136
1504461586752147456
1504463784433238016
1504464974709620736
1504465157115854848
1504467797660815360
1504468883440250880
1504470238418518016
1504470373990998016
1504471539592224768
1504480046450286592
1504482832952926208
1504484322446770176
1504486100135411712
1504490479882231808
1504495380473520128
1504499525381206016
1504501908567961600
1504504528258932736
1504505286970642432
1504510785711755264
1504514291352940544
1504530439297458176
1504532089827381248
1504539712320593920
1504555051301408768
1504569747949690880
1504681275885555712
1504695630576373760
1504763364840546304
1504781212518211584
1504378679018893312
1504459893088137216
1504358109145411584
1504523499049828352
1504520324506861568
1504521612359516160
1504522103957168128
1504522758725804032
1504523249597747200
1504524133383684096
1504525724849475584
1504525953862672384
1504525958874898432
1504526015690907648
1504526171375079424
1504526803255320576
1504528540565442560
1504536250908385280
1504543189562179584
1504543578449719296
1504544868055588864
1504545440909385728
1504546541050241024
1504548814782357504
1504566913019564032
1504570680796278784
1504593630006288384
1504704538137313280
1504245452669132800
1504245771943747584
1504285160904306688
1504353570149355520
1504141358713475072
1504161272409083904
1504326640649838592
1504138484285640704
1504138628473278464
1504138783217917952
1504139181580247040
1504139340825440256
1504143589093302272
1504144824810852352
1504115330129539072
1504115560971390976
1504121831988633600
1504124633087369216
1504126039102001152
1504156181635506176
1504440355839787008
1504450905189535744
1505139006270578688
1504704473255624704
1504597204585127936
1504514305873620992
1504486708309594112
1504412732883443712
1504413644163067904
1504415560821530624
1504416515373862912
1504416699231133696
1504417371192283136
1504418819212775424
1504420906642423808
1504421549121671168
1504422289709977600
1504422861418766336
1504423204311511040
1504418333579427840
1504418814708043776
1504418826104057856
1504418908450824192
1504420448922218496
1504420865370464256
1504424333342560256
1504424870616211456
1504425374687629312
1504427664521797632
1504427682704113664
1504429026487771136
1504431037589471232
1504432239945396224
1504433099312091136
1504434150694080512
1504434767428734976
1504435458557816832
1504435803166060544
1504437694692315136
1504436012776407040
1504438792744230912
1504440537461530624
1504441008808992768
1504441309276352512
1504444227069038592
1504445926764687360
1504446979425898496
1504452191565885440
1504455943983185920
1504462673051893760
1504464683369058304
1504466564241756160
1504468086061076480
1504468839442001920
1504468954323947520
1504470621677268992
1504471470252048384
1504471961501458432
1504471976668061696
1504472147267244032
1504472319510515712
1504474671638450176
1504476574141214720
1504477248744615936
1504477429343039488
1504477474033332224
1504481009156313088
1504481428918005760
1504482106763669504
1504486611978895360
1504490222033199104
1504491331498004480
1504492778297954304
1504493883232854016
1504493975855583232
1504496387676770304
1504497466149904384
1504500662758957056
1504510110369988608
1504511815853789184
1504517600994279424
1504517614185426944
1504517974501347328
1504526461146959872
1504535771906248704
1504536761321484288
1504547653903962112
1504551508473487360
1504504076079353856
1504506191120150528
1504508128540475392
1504510782566014976
1504513392412958720
1504518948209020928
1504524230104428544
1504526851800289280
1504543056015593472
1504551836606423040
1504543984760283136
1504552394704707584
1504553191945420800
1504555712139124736
1504556650413367296
1504568004427792384
1504576573420285952
1504580501721522176
1504580880584556544
1504603830566195200
1504498253676617728
1504502808984305664
1504504780974018560
1504512635974438912
1504516586132099072
1504518168940797952
1504521665874743296
1504525387409330176
1504537848921440256
1504556292626657280
1504568378605850624
1504608602711072768
1504616515857002496
1504672657337372672
1504673035651010560
1504692768265977856
1504694444041375744
1504699030026305536
1504701419609366528
1504538031889473536
1504538978619432960
1504539905355096064
1504541686957027328
1504543381162237952
1504545032359100416
1504545855076016128
1504547215880167424
1504549619212107776
1504554138578870272
1504554663114334208
1504555813951713280
1504556857146462208
1504557362350280704
1504557424820342784
1504557534287482880
1504557749056720896
1504559583515262976
1504559681708216320
1504561223785975808
1504562655788470272
1504585762775445504
1504588886424576000
1504701631505612800
1504703302902202368
1504720496704774144
1504732724564746240
1504741547669168128
1504759847501418496
1504773552179978240
1504829508750389248
1504923985544454144
1504591173754793984
1504591568736555008
1504600568970493952
1504604888516464640
1504628551680765952
1504634422062198784
1504644813639008256
1504649457627013120
1504669163196928000
1504684936221102080
1504695565527007232
1504697350283014144
1504702655444271104
1504711764067377152
1504728121358049280
1504738718342647808
1504739215715848192
1504747444810272768
1504749491462754304
1504757399277776896
1504762224094728192
1504786629390655488
1504819016371691520
1504821013930024960
1504851622685515776
1505180692296183808
1504446308580483072
1504480878222663680
1504497359237046272
1504564867109371904
1504711648736649216
1508542290566037504
1508553440984801280
1508558325503438848
1507061481506062336
1507061791045689344
1507098665499901952
1507141571438862336
1507479264312332288
1507052773703135232
1507052796159447040
1507053249655881728
1507065760794955776
1507070973467631616
1507083036155944960
1507095488763412480
1507118264178065408
1507129059452596224
1508013827169865728
1508018316274814976
1508018747038216192
1508019745504833536
1508021894271971328
1508023298298454016
1508024284777697280
1508026010868011008
1508026157454831616
1508026607331688448
1508034762342027264
1508043674122440704
1508047112407339008
1508092889586409472
1508148589243121664
1508229845792313344
1508023979570782208
1499769971639033856
1499770649040068608
1499791998789824512
1499816992953487360
1499840420305584128
1500043273494315008
1499395681676529664
1499362893145513984
1499371109531201536
1499372035629223936
1499376930986074112
1499384765077671936
1499391000912883712
1499640668297302016
1498338688216018944
1498353041069813760
1498359823561379840
1498374994405040128
1500762816676089856
1499814784124043264
1499816664275333120
1499901261579231232
1500172604384190464
1498775807262699520
1498777636285427712
1498782631634345984
1498784467598647296
1498784738903040000
1498785523221028864
1498776067242405888
1498777412468936704
1498777701724954624
1498778767719809024
1498783821747077120
1498784999146991616
1498785976600117248
1498789374376484864
1498789618824716288
1498790232082296832
1498790507824173056
1498790519203315712
1498793290094817280
1498793699123281920
1498795409057144832
1498800288454565888
1498820623266684928
1498836270944030720
1498842119791861760
1498850345442807808
1498852458197565440
1498891694527365120
1498892308149940224
1498893185740939264
1498893447566143488
1498925691622113280
1498929475341496320
1498931303131013120
1498947660878864384
1498657388722806784
1498660849765998592
1498671941317763072
1498688621720780800
1498650521900625920
1498327396671533056
1498329209177006080
1498334670739718144
1498338741869555712
1498341593845223424
1498374706508009472
1498410510823399424
1498633438311632896
1502370433756286976
1502370612819410944
1502375181481922560
1502385842328854528
1502387632856309760
1502388270260494336
1502389965484867584
1502392623931314176
1502392882082234368
1502396191266508800
1502396662794366976
1502400608791322624
1502402268947177472
1502407110155403264
1502408189786177536
1502410211646181376
1502411525360918528
1502412167760470016
1502419530278133760
1502536529234776064
1502574002174410752
1502575201854406656
1502652977554808832
1502412043877597184
1501956252737310720
1501956579691741184
1501958541619474432
1501961010873253888
1501963624427966464
1501964140549578752
1501969493031067648
1501979251989430272
1501128226042699776
1503744030689144832
1503747438531727360
1503755096382967808
1503805795791781888
1503890759115812864
1503321911538896896
1503324921178566656
1503325301438402560
1503331525647085568
1503338107390906368
1503439356547194880
1504436495352008704
1504436893471154176
1504439692615426048
1504440829305360384
1504444213504610304
1504447584890507264
1504458939920011264
1504460121283379200
1504464266920923136
1504465493020712960
1504478318627725312
1504507875611262976
1504547998709264384
1502648395231641600
1502648400017305600
1499031827570479104
1499032727009509376
1499033171014426624
1499034793278910464
1499035321945792512
1499037463049916416
1499085581439180800
1499040048838291456
1499135799820013568
1499254925305516032
1500862732949762048
1500874113061212160
1500875056741814272
1500877040437895168
1500881872892669952
1500888579664453632
1501953444420243456
1501954197817810944
1501957909089071104
1501450641784332288
1501450697577050112
1501451427394240512
1501451582394834944
1501452860256628736
1501453384057905152
1501453891501711360
1501454193307103232
1501455424289185792
1501456129439768576
1501456294284345344
1501456692214702080
1501457095861878784
1501457652752265216
1501457716728016896
1501457875553734656
1501458362994724864
1501459089674706944
1501460082051227648
1501461227532435456
1501461406100692992
1501462148677001216
1501462678266650624
1501463598337601536
1501463952676511744
1501469820541407232
1501470164352704512
1501460666091282432
1501470717396897792
1501471243803164672
1501473118828781568
1501475601466671104
1501478379543056384
1501481475572899840
1501505767110811648
1501460376713637888
1501461006924623872
1501462172249079808
1501469246739697664
1501469327261945856
1501471574981062656
1501471800127012864
1501479036136173568
1501481781320634368
1501484735683604480
1501505804507230208
1501506422315565056
1501507803734753280
1501508945432694784
1501514587589468160
1501519716409556992
1501520207218716672
1501520674074071040
1501546997538594816
1500560423518707712
1500560775471149056
1500562453708611584
1500563997078310912
1500564459647086592
1500564696734253056
1500572234682884096
1500577003615014912
1500578255451000832
1500582274676498432
1500583195250679808
1500589355953541120
1500618765058428928
1501219906318123008
1501224076601446400
1501224523173019648
1501303762941530112
1501145717993357312
1501132283331457024
1501468372017496064
1501470342006677504
1501472160216399872
1501472238285033472
1501477736287772672
1501487665698553856
1501495481217789952
1501557057794842624
1501558238055223296
1501578170541170688
1501586707031994368
1501589242564259840
1499425502817304576
1499426751671422976
1499428350913306624
1499461998962216960
1499463761224208384
1499464735040937984
1499468556928524288
1499471275730821120
1499474942454386688
1499622643716210688
1499882416072269824
1499884093701595136
1499884511424884736
1499884600461602816
1499886292582256640
1499886865817739264
1499892069875257344
1499887981376806912
1499903544228560896
1499911437652795392
1499943226232483840
1499957392498438144
1499964770278989824
1499965031982800896
1499965110089142272
1499968493185343488
1499969656337145856
1499970298610958336
1499973803677519872
1499978665706364928
1499983228136042496
1499984296974725120
1499985978093670400
1499987417113182208
1499990648816078848
1499991308387164160
1499991472040513536
1499992885479022592
1499995990060945408
1499997335388053504
1499997409878978560
1500008264385241088
1500008867161427968
1500009683955900416
1500010849288794112
1500010898215387136
1500011840205697024
1500014987607171072
1500015970332692480
1500020525824983040
1500021826931539968
1500021898184380416
1500022847875526656
1500023569618718720
1500023651508359168
1500025229459996672
1500026575420641280
1500027609983426560
1500033422705766400
1500035015081664512
1500040534618001408
1500069382814416896
1500136191676583936
1501672431920033792
1501672757532241920
1501675772787970048
1501681444137365504
1501821910648295424
1500408885341044736
1500414420161339392
1500417018754912256
1500421951763980288
1500422679895097344
1500423325239160832
1500438812010369024
1500466188375183360
1500467799180910592
1500520072804282368
1500524591097208832
1500609953920339968
1500667878219173888
1500786823689297920
1500445573727543296
1501067106225373184
1501071979658551296
1501076401998422016
1501079150802751488
1501084672591343616
1501085941125062656
1501088064038387712
1501093923929874432
1501102901099384832
1501104062082785280
1501107856656982016
1501112967944937472
1501113506934005760
1501114605883604992
1501094534037618688
1501109704885420032
1501118556016099328
1501121602603388928
1501124954439532544
1501131398761046016
1501134618598289408
1501146766275751936
1501165126203940864
1501181450883899392
1501181891919163392
1501183788491186176
1501185196632203264
1501188543628124160
1501189996287598592
1501193618106818560
1501204499351977984
1501211407249035264
1501212292876324864
1501228794836762624
1501229213227298816
1501233519074365440
1501233898768015360
1501237662744825856
1501248321859506176
1501273811014103040
1501305451266379776
1501339555139661824
1501342432629182464
1501454210600210432
1501944313483120640
1501952235982315520
1501617660269928448
1501617776296923136
1501618253751373824
1501618527282864128
1501619540379197440
1501619664786534400
1501620286889803776
1501620496722542592
1501621569633800192
1501621859544150016
1501622282262880256
1501629335534551040
1501632333052534784
1501657266419904512
1501659809069912064
1501675274773188608
1501682136184668160
1501717738468823040
1501820178203660288
1501878562869161984
1500433912937553920
1500509987877134336
1500438837255974912
1500196459723034624
1500197819772284928
1500199903208820736
1500222103295086592
1500240548300480512
1501608038238674944
1501607056100397056
1501608333580644352
1501609173984985088
1501610627395198976
1501613113233354752
1501614382274555904
1501809556053237760
1501985388545642496
1497509960686751744
1497511330986745856
1497511631122833408
1497511766343004160
1497511886165839872
1497512087920254976
1497513803096993792
1497514647355904000
1497509729324654592
1497511949986193408
1497511990234955776
1497512081351921664
1497513049254764544
1497513051737628672
1497513175398367232
1497515543191904256
1497515655167234048
1497516573749391360
1497516596729896960
1497517171915776000
1497517860775673856
1497518538428407808
1497518827353038848
1497520067701006336
1497520604446183424
1497520657508278272
1497520924190519296
1497522467514068992
1497524135060201472
1497524999057559552
1497525073238011904
1497525502428463104
1497528231641165824
1497529117725667328
1497520910752010240
1497525708226191360
1497529983459287040
1497531501675696128
1497531768639045632
1497532467112292352
1497533032496050176
1497541346709680128
1497546451207045120
1497547497694138368
1497554136237236224
1497556881065361408
1497563554186240000
1497564010908110848
1497576493249183744
1497577843282350080
1497601365102759936
1497604016783728640
1497613461458673664
1497626231147315200
1497653191126749184
1497697931197128704
1497834395457228800
1498529175480811520
1497506255807655936
1497506452256210944
1497506660784369664
1497506682603290624
1497506946412392448
1497507078574911488
1497507086422487040
1497507320766640128
1497507566540103680
1497507592389677056
1497507712271372288
1497507744504549376
1497507900528467968
1497508084238802944
1497508574557319168
1497508799242027008
1497509105623261184
1497509456049020928
1497509619689787392
1497569000938745856
1499060811683319808
1499062097434533888
1499063609711808512
1499063974255595520
1499066952978944000
1499069025418162176
1499070335370600448
1499077121540562944
1499092481417396224
1499100602030338048
1499134588920160256
1499248142209929216
1499272565642121216
1499773784739483648
1499774113690402816
1499774668760391680
1499774876311302144
1499775472535838720
1499775922408415232
1499775922941181952
1499776306359193600
1499782192762925056
1499793732098535424
1499822459113123840
1499823337241034752
1500183653753757696
1499687097367674880
1499687982571429888
1499709611267575808
1498571565608353792
1498574990354042880
1498579631561187328
1500867692080812032
1500867741561073664
1500870768237981696
1500871525754417152
1500872333027950592
1500872414116339712
1500872699299696640
1500874136838680576
1500879039824863232
1500879474849681408
1500879583037566976
1500880485861494784
1500884439756328960
1500884958541398016
1500886959853608960
1500887316956594176
1500901181404631040
1500915470328860672
1500967386874363904
1501104288436826112
1499338963433181184
1499342353789861888
1501912916416729088
1501917959098351616
1501918253089705984
1501926703769305088
1501927799560413184
1501931050221457408
1501915707918798848
1501916831031959552
1501925768837881856
1501926368908558336
1501930574482591744
1501931800326639616
1501931996557107200
1501933699608104960
1501934713006481408
1501935323625844736
1501937244084465664
1501940981817479168
1501941484496449536
1501946111652610048
1501958017536991232
1501958220180598784
1501961107480715264
1501962723659337728
1501967868191203328
1501973946958295040
1501984179780730880
1501985078347505664
1501993249455628288
1501997523736616960
1502006672247635968
1502007861223776256
1502012086431494144
1502048098570444800
1502077738550767616
1502086285078450176
1502169240169713664
1502176039933341696
1502182911428157440
1501883387518279680
1501896240761606144
1501921717828165632
1501969512815595520
1501917836163309568
1501894337126404096
1501866755009957888
1501866912652877824
1501867401536749568
1501867827560693760
1501868228955582464
1501869351917568000
1501870343664939008
1501872460542758912
1501873229547327488
1501873774953697280
1501876745598906368
1501878251098099712
1501878432254287872
1501878465141911552
1501879014155247616
1501880955119804416
1501881121012912128
1501881413968310272
1501883668268294144
1501883871964631040
1501884071500296192
1501884201888538624
1501884354544472064
1501884819382452224
1501885062551322624
1501885936392720384
1501886539030274048
1501887047136649216
1501888129594179584
1501888427045920768
1501888928789549056
1501889267664052224
1501889528147193856
1501889622967791616
1501893108904177664
1501893407379177472
1501895707795640320
1501898504368762880
1501898628012679168
1501911215039262720
1501915928765812736
1501925946705670144
1501927556165083136
1501928544326328320
1501929988525682688
1501930116166787072
1501930831740223488
1501931493878165504
1501989886181576704
1502008064559489024
1501868509256724480
1502130650484297728
1502214906489233408
1502215170923405312
1502215290825940992
1502217260722757632
1502217766794842112
1502227414851674112
1502230173588074496
1502256955510902784
1501889164673007616
1501882348417204224
1501882383829774336
1501882561462771712
1501882846222376960
1501885652702482432
1501886090512371712
1501894885611343872
1501896460320784384
1501948787492749312
1501955153230024704
1501957084929216512
1501961967581515776
1502363365636812800
1502363443256569856
1502365943728644096
1502372358241271808
1502391061448167424
1502392709180538880
1502643300171399168
1502667427674529792
1502514785354670080
1502683622880555008
1502926992794177536
1502682406704328704
1502684378362785792
1502691552048652288
1502699179558248448
1502709608888082432
1502722302114508800
1502884508663787520
1502684470327009280
1503805305590894592
1503805450147569664
1503806548568588288
1503806799165669376
1503807438558007296
1503808011894239232
1503809816812298240
1503812585820463104
1503819851323817984
1503823355987873792
1503827185458728960
1503831591101022208
1503834355340304384
1503835199624331264
1503838640216150016
1504005937224372224
1504452109894311936
1504499793099468800
1502651786607448064
1502642953394737152
1502643618686943232
1502644849715159040
1502646097524793344
1502648491281199104
1502651349690945536
1502652514725814272
1502653308699398144
1502655261013590016
1502661020862586880
1502687040055435264
1502697552860397568
1502702895850041344
1502951424791130112
1502996802487963648
1502646470905942016
1503439594792050688
1503440717858938880
1503443547894304768
1503445474874957824
1503446737662451712
1503446915379249152
1503447307924258816
1503496029764734976
1503440262441451520
1502725296566554624
1502725724456853504
1502726275663863808
1502726571441938432
1502728360719495168
1502731622608687104
1502738267145392128
1502747757739749376
1502802451073748992
1502803438350090240
1502910823248842752
1502916719072976896
1502967141682884608
1502624206311378944
1502656330099789824
1503412002026364928
1502612307263860736
1502612531659087872
1502613004197769216
1502613215494250496
1502614382857052160
1502615458402516992
1502616893735251968
1502619292977795072
1502619454202691584
1502620566079033344
1502621726760488960
1502621863133990912
1502622470309920768
1502622640359493632
1502623331014647808
1502625463080038400
1502626464126148608
1502626769752444928
1502626807572484096
1502627285568045056
1502631546964041728
1502633280981635072
1502626999919120384
1502627952554647552
1502629004804870144
1502631774068912128
1502633954867916800
1502635970256162816
1502636377112027136
1502636455612530688
1502637423766949888
1502637798687444992
1502626862874476544
1502628001338507264
1502632755288584192
1502634991108472832
1502638017437224960
1502640179193991168
1502642187372306432
1502646269055053824
1502650985650479104
1502652159501946880
1502653028704432128
1502657243015049216
1502657465380446208
1502658730898374656
1502660616410042368
1502661271140941824
1502668918007214080
1502669496775028736
1502670296280666112
1502671948169551872
1502679554426560512
1502686092918759424
1502689578209132544
1502690898597093376
1502692913708474368
1502696519614570496
1502709322794557440
1502752870164221952
1502761692844937216
1502761982042288128
1502763560098746368
1502767335559606272
1502787075199934464
1502791457534623744
1502792336132251648
1502771945586278400
1502795127303159808
1502893014762627072
1502901832368197632
1502914056994365440
1502914108135456768
1502914392349937664
1502922137761456128
1502736476685144064
1502886886167261184
1502927730979053568
1502941978937503744
1502954578148483072
1502958397515251712
1502960573658636288
1502961333951733760
1502698325610541056
1502768190971162624
1502868395481616384
1502762501066432512
1503451836912738304
1503002318530351104
1503002512248483840
1503002798509731840
1503002800829124608
1503006633647083520
1503015774046334976
1503026613738680320
1503033484922793984
1503047239547113472
1503048312689238016
1503058682954887168
1503093920162619392
1503134505388945408
1503023859427160064
1502968781873815552
1502970522514112512
1502974301666000896
1502982970268864512
1503061989240852480
1503081764197175296
1503093477155946496
1503112829162958848
1499093824479576064
1499114017759150080
1498715845744373760
1498718341711736832
1498722014974074880
1497874844389629952
1502264828009893888
1506293416426147840
1506293667304247296
1506295660345188352
1497607624656769024
1497564311694323712
1507013357924016128
1507013404531122176
1507013917045714944
1507014269333778432
1507015018172194816
1507043257456508928
1502175243065913344
1500860088818540544
1501250420932587520
1501251896438308864
1501527933206339584
1501573141596094464
1501602633815056384
1501292551806070784
1501578121669132288
1500120343817641984
1500462146815250432
1498799903123951616
1501431171716108288
1501239865169653760
1501553359307816960
1501553711654608896
1501554232033427456
1501616543213445120
1501618808301228032
1501213758072492032
1501215867899678720
1501216294707859456
1500564721703006208
1501502836135317504
1501507507193360384
1501523281861566464
1501530910579175424
1501538254239248384
1501541404513746944
1501594996411097088
1499407018687352832
1499422028021088256
1500076054794448896
1500106312767713280
1501688465146134528
1501689133240303616
1501919634739634176
1497861328651837440
1497861382779326464
1497861972452425728
1497862568899186688
1497956582939836416
1497533318316785664
1497539148353257472
1497636781461811200
1499696151724965888
1499699008230596608
1499428002832257024
1499436882412949504
1499091532489666560
1499092457786470400
1499092796204105728
1499093516156383232
1499137697750921216
1501152160452644864
1501153696167735296
1501156276797120512
1503734800594595840
1503741711650013184
1503729882706157568
1503730768769687552
1503731070788947968
1503734418422308864
1498277013257347072
1498277521242132480
1498278945493598208
1498281540048257024
1499125954890940416
1503389582162862080
1503395133701693440
1503400580731084800
1503412135019397120
1503416243386261504
1503705811486494720
1500401557254324224
1500401843230416896
1501110706657181696
1502204068026097664
1502205086780506112
1502209971668324352
1501934863565213696
1501934930137272320
1501935402667573248
1501936158464376832
1501944571965542400
1503100092579991552
1503102582201458688
1503145043447721984
1503046689166397440
1503078766771417088
1498307327988015104
1498311531800535040
1498384267461767168
1499489408331956224
1499490930574909440
1499492745622302720
1499505052230295552
1500707829598015488
1500710666461614080
1500711273566195712
1500714622566993920
1500763626554150912
1500495407155187712
1500508056693755904
1498667008677797888
1498715724419940352
1498758335407038464
1496778330980315136
1496778737706168320
1496778870472822784
1503082244352663552
1502568007448637440
1502561738817945600
1503080686093324288
1502560699083632640
1502563240148148224
1502581003898044416
1504071774006349824
1504077414292410368
1504139334743691264
1504250675668168704
1504412133093568512
1504413522482057216
1504414997094576128
1504665780264357888
1504072824411107328
1504073964930453504
1504078247113510912
1504109969787998208
1504125611689844736
1504638815469809664
1504667492748251136
1504678052126674944
1503980637795102720
1503985097401319424
1504027130652504064
1499241946484813824
1500070874212446208
1500243029608775680
1500949525405618176
1501038950697340928
1500822316934221824
1500451676624494592
1500513069830709248
1500439042357440512
1500393680179544064
1500693350395039744
1498748240849686528
1498750374173241344
1498750999112081408
1498766827509489664
1502002621166624768
1502003100143415296
1498392102060892160
1498043006653546496
1498105805505191936
1501896047370678272
1501986835618320384
1502014843758518272
1501835125604196352
1501835511878623232
1502259096283762688
1502259702452862976
1502377888531853312
1501875751624355840
1501877891575029760
1501880501837127680
1501882691599351808
1503006504999440384
1502318788351516672
1501950278269947904
1501954526726606848
1501955193730220032
1501958595453325312
1501962645687218176
1502070892683268096
1498937214016888832
1498943304830009344
1498943683018002432
1498946875499626496
1498952138466156544
1498953020029218816
1498965658368892928
1498970493751279616
1498973438563790848
1498998320433438720
1499104297283375104
1498971558051725312
1499757944967204864
1499765596183048192
1505513919141629952
1505515387651338240
1505516672727330816
1505517576671174656
1505535768466497536
1505559004969377792
1505564486329159680
1505635341490921472
1505663833955868672
1505518196014698496
1505492744910917632
1505494328839483392
1505495347572916224
1505530847880957952
1505547860632383488
1505548145270349824
1505651356505358336
1505663715034775552
1505514179515584512
1505680830349422592
1506337924056592384
1506336922922274816
1506337640462921728
1506356296873828352
1506697231797215232
1505979604825260032
1506008214696955904
1498561766619586560
1498008347722891264
1500452465870835712
1501284809552838656
1501285357597470720
1501286258626207744
1501292653362692096
1501568231341006848
1499469744835112960
1499475369954529280
1499504679205711872
1499278794426884096
1499279011876376576
1499283988392947712
1499282035839492096
1496768937337389056
1496769049602232320
1496763896161521664
1496763440618434560
1507088719823712256
1507089297664577536
1507148655874166784
1507089549993857024
1507090140488876032
1507095396815974400
1507096191321919488
1507100901156208640
1507117963425591296
1507262811017256960
1507263089946902528
1507290004757880832
1507092229155921920
1497876953289928704
1497878217985863680
1500412832948621312
1500415428023181312
1500518620782288896
1501567656977174528
1501568532164886528
1501582792681041920
1501633922790264832
1501515945789083648
1501478544274337792
1501483170407067648
1501485132733206528
1501487663928463360
1501488067332423680
1499834975767646208
1499885114767065088
1501542048159223808
1501542074054811648
1502296502089224192
1499325217327439872
1499326660843380736
1499327658328526848
1499328942943215616
1499340597706080256
1499381189253246976
1499599956696760320
1499014583125778432
1499015169653026816
1499015202070745088
1499016845097160704
1499017326766735360
1499019733332631552
1499019861665755136
1499027415707930624
1499374920488390656
1501153461345398784
1501157653845839872
1496787133562068992
1496787184393007104
1496787475452227584
1496787723176353792
1496789090234245120
1496795455316975616
1496812839981441024
1498043828632276992
1498043918801375232
1498044225589370880
1498044819154817024
1498047020027850752
1498047910780583936
1504741246480404480
1504741599309451264
1504741800271036416
1504880706215895040
1504870451914366976
1504891288319152128
1504921630723743744
1505148798888255488
1505132872772075520
1497649835062829056
1497657697973407744
1497658530559451136
1497709782496653312
1503301676157046784
1503344361924345856
1501651451466194944
1501654482819682304
1501656536636088320
1501779879137792000
1501568193239961600
1501570281508384768
1501573328540413952
1501601205881131008
1501603700837699584
1501582954170130432
1501984711203303424
1501996019353018368
1501998653145296896
1502005743024812032
1502266182711353344
1501987010973741056
1505202018683691008
1505194892368261120
1505284940371480576
1505192723766288384
1505257083855417344
1504708612651950080
1504841546537091072
1504846665517252608
1504908492771147776
1504891841140961280
1504893283394273280
1505871234554286080
1505878151750164480
1506252005848883200
1506302295855833088
1509190777087447040
1509192050050322432
1509192093486436352
1509192191511519232
1509198193308880896
1509200497454030848
1509217753944711168
1509075450684977152
1509081977412018176
1509507046877671424
1509508631976460288
1509406215247433728
1509411972915372032
1509444965755142144
1509519017748443136
1509519415565594624
1509527021302411264
1509561777088090112
1509574201191112704
1508143355116597248
1508145693378162688
1508207447093260288
1505993835440222208
1505995148752297984
1505996662250131456
1506008316589514752
1506012044264640512
1505975467274350592
1505975796065841152
1505975830492680192
1505976110290452480
1505976986115706880
1505977008597176320
1505977557019250688
1505977876784504832
1505978043839483904
1505989605815902208
1505994823022612480
1506678128818728960
1506678591349743616
1506694218265374720
1506325884923428864
1506328538814767104
1506329342145617920
1506331597527822336
1506334879033798656
1506339338631659520
1506343399460421632
1506345820379045888
1505965636190625792
1505973440813092864
1505973580777074688
1505988099167375360
1505992643347689472
1505994200483041280
1505997934013333504
1506351777226145792
1506318359738077184
1506318420714917888
1506319074275516416
1506326302982291456
1506342007953895424
1506196135836270592
1506199398279270400
1506366447471235072
1506367237007056896
1506379131470204928
1506654192731140096
1506675146442125312
1506680764179660800
1506647241519505408
1506647424881807360
1506870613931085824
1506871784733356032
1506892578167345152
1506902090056151040
1506922905598406656
1506878833714159616
1506871941965172736
1506875042440925184
1506876234529181696
1506878662934675456
1506880208288239616
1506888567368429568
1506919654257790976
1507394243307966464
1507399659710472192
1507368059958407168
1507375890061271040
1507376130772377600
1507453119315288064
1507475404021383168
1507642549476933632
1501605907683332096
1501615027652022272
1501651870284193792
1501788673125363712
1501599087866568704
1501601072711884800
1501603176419573760
1501603491961319424
1499319036290736128
1499319193707196416
1499320672522326016
1499321228191883264
1499328466092711936
1499338416147816448
1499363514527461376
1499365008324673536
1499426889336766464
1500825230742364160
1500825292142788608
1500827595390156800
1500829049664544768
1500832775615795200
1500833594230681600
1500834415324315648
1500846504583614464
1500873394534895616
1500896434962509824
1500908812173250560
1501031311443640320
1497975984188018688
1497978075342061568
1497993772562583552
1498010562067935232
1498136376042303488
1496851693136490496
1499834163192639488
1499771915652800512
1499780694737838080
1499890123030286336
1499060304478679040
1499062333108363264
1498906724450938880
1498906737897791488
1498956609686491136
1501122720679047168
1501123911874150400
1501134130356047872
1501150700780277760
1501127392475205632
1501283552737955840
1501286220072210432
1501293577107873792
1501303087050461184
1501305310740373504
1501440990644744192
1496836300942544896
1496773566125293568
1507822831786237952
1507623516295901184
1507757015158112256
1507759058710933504
1507760159489093632
1507825315816648704
1507826099534942208
1507957449550147584
1506658997453172736
1506659195801817088
1506659250889711616
1506667721697550336
1506609499750252544
1506611735679148032
1508399180787728384
1508408408654888960
1508450131196137472
1508406947963412480
1500401137350025216
1500401577273827328
1500402914208145408
1500414104502218752
1500435467996643328
1499048329862389760
1499049680231190528
1499055286451060736
1496893524276658176
1496894133859934208
1496903492249657344
1499029145287892992
1499029179043614720
1499029423982530560
1499029654715383808
1499029955522576384
1499032165954293760
1499034774001926144
1499036735333937152
1499041743723024384
1499043833740500992
1499068338781237248
1499045962748239872
1501208171179880448
1501208388658737152
1501210400729272320
1501213200997564416
1501216403822624768
1501220983319023616
1501227958224449536
1501261545673830400
1501452024004632576
1498765418181373952
1498765545105235968
1498765863981391872
1498766190822494208
1498766248133513216
1498771025722593280
1498779668257943552
1498789065684131840
1498901960304562176
1499784812579667968
1499787641302233088
1499812081440329728
1499828124321779712
1499828996393119744
1499840000057348096
1500063176695689216
1500906065608720384
1500906293040668672
1500906485500502016
1500909536529502208
1500911078892613632
1501098914073784320
1501976755598471168
1501977999872245760
1501984823715536896
1502201643521171456
1502250764105928704
1502268723603910656
1501981051501129728
1502069445468241920
1503050656936079360
1503105560534728704
1503215884705226752
1503249461333696512
1503277438981259264
1502922953759113216
1502923843123523584
1502923941748346880
1502924075211046912
1502924095645798400
1502924227934134272
1502924461569417216
1502924606042251264
1502925172357185536
1502925246394994688
1502925706485026816
1502926593525747712
1502927235392679936
1502927355630792704
1502927969618116608
1502928253388050432
1502929356624056320
1502929865393291264
1502930614995099648
1502930739213606912
1502931294614966272
1502931956518080512
1502932006065352704
1502932617267666944
1502932893017985024
1502933162376192000
1502933166268506112
1502933347110166528
1502933854847389696
1502934014725918720
1502934698535886848
1502934763992190976
1502934852580130816
1502935008625008640
1502935089017147392
1502935096197791744
1502935416701345792
1502935644552716288
1502935682637086720
1502935848215535616
1502936098892308480
1502936293004689408
1502939147505442816
1502939731709116416
1502939853390061568
1502941107776278528
1502941297719627776
1502943755384631296
1502945021934374912
1502949897011617792
1502940309000495104
1502946861300293632
1502953924956930048
1502956453409210368
1502961741222842368
1502968392994672640
1502975737070080000
1502980359062962176
1502980437504892928
1502986931021438976
1502990972568973312
1502999469205426176
1503008528168067072
1503008794883903488
1503055337972240384
1503088707229962240
1503096933333745664
1503001584455897088
1502931601113632768
1501534068671795200
1501535111107514368
1501535349272883200
1501538755991293952
1501540193643503616
1501540255136157696
1501541346129055744
1501545784793260032
1501548284162232320
1501548382006956032
1501557309700464640
1501568251272310784
1501568718119317504
1501570396142948352
1501571168909860864
1501626289559683072
1501650604065710080
1501796049425518592
1501568904413560832
1498239213891997696
1498248121108901888
1498268866367078400
1498273318230802432
1498280203696709632
1498291574870093824
1498297771924901888
1500836838407385088
1500846633868746752
1500876614028120064
1501059141464383488
1501290871492251648
1501291754976428032
1501298801071603712
1501322924656971776
1501429630854651904
1501107924059529216
1501107978707083264
1501108057455173632
1501108116653498368
1501108122441875456
1501108819367284736
1501109024007335936
1501109117838102528
1501109478313365504
1501109614762467328
1501109841489805312
1501110443154231296
1501110760491175936
1501112606463074304
1501114216987729920
1501117705121845248
1501117801171464192
1501118074086473728
1501122882096803840
1501124016647688192
1501130443286061056
1501135750603190272
1501136682124513280
1501280378538975232
1501563373867180032
1500805065254359040
1500805742789599232
1500806418995232768
1500806558518857728
1500806699980103680
1500807260590723072
1500807500932825088
1500807879267340288
1500808117046685696
1500808176362524672
1500808599873929216
1500809513301073920
1500810995014713344
1500812331336577024
1500813453057044480
1500813744758308864
1500813916548603904
1500815260235845632
1500817724758532096
1500821205242331136
1500825503967682560
1500827618748387328
1500832462036951040
1500834288815718400
1500848126860664832
1500848795319427072
1500886372948881408
1500890348117241856
1500890422868164608
1501090465935990784
1501263129136746496
1502702265135767552
1509576215732043776
1504478407207268352
1504478703325089792
1504479174538321920
1504479728857538560
1504479879122735104
1504480920463572992
1504485634622189568
1504487336066772992
1504488865070870528
1504489508665888768
1504490149136281600
1504491330533302272
1504492610215362560
1504494338268708864
1504495321031786496
1504495528503123968
1504496208496189440
1504504876142931968
1504506759335063552
1504510257841778688
1504514054638944256
1504554849928634368
1504558529629327360
1504563441167650816
1504574932264566784
1504589526718681088
1504666127775027200
1504666369555845120
1504707454017363968
1504710001981546496
1504788843337297920
1504909100274143232
1505266761419132928
1505647617568612352
1503348895769899008
1503348000067891200
1503348365320462336
1503351191002042368
1503355527262359552
1503356572432580608
1500172139021930496
1500172512851812352
1500172880927236096
1499333100849008640
1500169621575454720
1501596675009302528
1501567461405216768
1501578945707323392
1501579747809185792
1501588633387773952
1508697235437019136
1508936949129793536
1510563810041643008
1504004537841074176
1504025757617688576
1504060208494137344
1504071104096260096
1504040158676631552
1500937556380327936
1500937755114840064
1500938006299131904
1500938318434947072
1500940331067580416
1500940487162793984
1500943139007340544
1500949406656442368
1502530828752015360
1502531298337992704
1502531418014064640
1502532477516189696
1502536253174079488
1502537723533533184
1502543737683120128
1502560079224180736
1502701481719435264
1502742044208422912
1502537267524550656
1502713381605814272
1502714273478463488
1502721447365599232
1503817680293351424
1503818307970998272
1503819458384646144
1503819763075764224
1503820139392811008
1503822571179024384
1503829581949804544
1503838086660296704
1503844735559032832
1503850971553841152
1503879310238756864
1503215341153005568
1503118868906184704
1503120489534955520
1503118214276038656
1503088038536220672
1503088176042283008
1502635322039058432
1502640901046349824
1502650653763584000
1502655753039101952
1502684067514441728
1502729110828855296
1502920894460702720
1503822759419383808
1503824199252684800
1503832862843359232
1504187477359308800
1501900446989959168
1501933085025128448
1501937692682047488
1501941533422993408
1501955075161280512
1502044680112029696
1501080961106300928
1507818994945953792
1507819075417911296
1507819519309455360
1507821478758305792
1507822159397281792
1507823431655596032
1507824989805944832
1507864759986704384
1507748170993963008
1507749029438013440
1507800013556047872
1501941730790109184
1501968259268194304
1501977752425037824
1503059009372307456
1500070443109306368
1500070733287985152
1500074535932076032
1500131710062714880
1499794140762193920
1499797429083910144
1499800366074011648
1500120860564275200
1497520280410984448
1497523446347091968
1497532142489849856
1497533133679431680
1507978222977306624
1496740981605306368
1496744596075954176
1496746419876777984
1496797480280801280
1503316709414948864
1503334669730955264
1501835118633267200
1501845756323545088
1500822241407377408
1500501117100249088
1500501561293905920
1500501725878398976
1500504732103847936
1500504994465947648
1500505580984807424
1509028548627079168
1509033752613330944
1509056453419618304
1508832364281176064
1508839130058444800
1508857619443814400
1504757877495549952
1504759593217544192
1504814464213917696
1504814688315531264
1504814814459305984
1504817040779268096
1504818684929400832
1504821403790499840
1502725912785301504
1502730678634520576
1501470262033846272
1507441195546562560
1506293132333309952
1498619110762196992
1498625367451615232
1498628790569869312
1498631955046408192
1498636080907796480
1501534274255826944
1501537622837112832
1501538967975518208
1501543465544519680
1501555025973235712
1501590691721449472
1501590825582669824
1501624086400806912
1501658300764626944
1501591370192072704
1501484829321404416
1501485450028060672
1501485747022532608
1501486017026699264
1501486570259558400
1501487786490310656
1501496517470965760
1501497127385636864
1501500052027674624
1501561803247075328
1498043769668706304
1498043833040449536
1498073874713427968
1499846395246923776
1497099319857627136
1497166053125738496
1497533442464038912
1497533744940568576
1497267138494705664
1497267230114934784
1497267465654620160
1499698349620051968
1500531595324923904
1500532425616732160
1500568643251412992
1504082242326384640
1504083371139510272
1504084182087184384
1504089069856477184
1504091742441816064
1504093099995373568
1504839007020138496
1504985949503209472
1504987681817874432
1505139213360144384
1505141534597001216
1505143896023646208
1505144044732784640
1505144281358606336
1505147549338025984
1505148483027750912
1505161475320647680
1505147655323897856
1504863080072847360
1504863514611093504
1504864457683607552
1504864819521982464
1504865605517774848
1504870364635189248
1504950163307175936
1497623096563572736
1497625418584702976
1497628782777274368
1497635309751873536
1497623433521377280
1497623651276963840
1497623711196844032
1497655397993357312
1497662016760291328
1500447345552539648
1500457187197476864
1500482450597756928
1500483667189284864
1500487945870004224
1500488448087674880
1500637762759938048
1500023439570214912
1500024136193740800
1500026440225591296
1500027119912603648
1500028066969575424
1501114651660238848
1501114884897095680
1501115082993975296
1501115941765234688
1501116419416731648
1501117044401582080
1501117983963418624
1501123289648877568
1501141272949633024
1501146636218679296
1501250244427890688
1502306016096047104
1502307670954500096
1502310774068371456
1502304470490882048
1502316851325452288
1501922215750680576
1501926625948184576
1501936452095021056
1502201785901060096
1502202352723537920
1502258079634763776
1502541477351673856
1502542350236946432
1502335935299661824
1502336414498934784
1502336599819882496
1502340283681415168
1502365963664171008
1501835794406903808
1501839810171965440
1501875356109840384
1501992154364891136
1501992194735067136
1501993302987526144
1501993500296032256
1501993684941824000
1501994092150013952
1501994883774566400
1501995542070673408
1501997692184104960
1502002696555053056
1502016553797275648
1501975371343933440
1501983750984450048
1501984295338094592
1501984496295583744
1501985989341978624
1502001656157937664
1502004558674989056
1501574225982857216
1501577513407029248
1501572706936016896
1501604973171429376
1501606037585121280
1501623782565371904
1501634198842576896
1501821189139976192
1501564724584062976
1501564735816441856
1501574592351150080
1501890870051758080
1496766999648735232
1496770581647151104
1498662408231038976
1498662409531236352
1498665295971598336
1498672835371360256
1500584607678410752
1500585581889339392
1500586621485424640
1500588055148773376
1500588212472983552
1500592686541197312
1500597044213342208
1504901542461255680
1504902680120070144
1504904774260510720
1504907888208355328
1504908614364016640
1505162778532843520
1504901275934240768
1504866532362489856
1504866728840466432
1504866736012775424
1504866760515850240
1504869262023876608
1504869531520536576
1504872671712006144
1504876433650425856
1504890230674968576
1504893970916200448
1504945631453929472
1505272853188513792
1504195559179046912
1504195625868476416
1504197524718080000
1504200219113754624
1504201564449296384
1504202145360494592
1504214042730188800
1504357137333501952
1504195481311887360
1504147653306761216
1504148197479960576
1504148395023380480
1504148703581544448
1504148717435342848
1504149374225596416
1504164432104022016
1504192308417380352
