1466390498801860608
1466384838596997120
1466467920922521600
1466391529124151296
1466414633200365568
1466417163619680256
1466420024810295296
1466429124881391616
1466551895674261504
1466654607749353472
1466678391344615424
1466901867611529216
1466363506643591168
1466365670770229248
1466369579660333056
1466378911458148352
1466380398133485568
1466381973946089472
1466383274067083264
1466391035295248384
1466394200174432256
1466394261058985984
1466403196297953280
1466471247647227904
1466543922168139776
1466544055291162624
1466384381400993792
1466385826129055744
1466389047958544384
1466390106810552320
1466394402042134528
1466401001234178048
1466436193298657280
1466444834173075456
1466609423091224576
1466370986480128000
1466379642579963904
1466382806133710848
1466387861683556352
1466544032289460224
1466548886206439424
1466387290121453568
1466393429601042432
1466397812950716416
1457712479728021504
1457727108487204864
1457734591620468736
1457693898332155904
1457694646973485056
1457695399360225280
1460203845607374848
1460211157709443072
1457690627437629440
1457690818580451328
1457692230207033344
1457693438607044608
1457694106289909760
1457697459161944064
1457701998770393088
1457703705139163136
1457729914711560192
1457756380648120320
1457798334542860288
1457809788449050624
1457963064377159680
1457950232906448896
1457950962673455104
1457958509161730048
1457946827408515072
1457946891036020736
1457948363647815680
1457761214977748992
1457769792077635584
1457747178055667712
1460366854845870080
1460362366105833472
1460365190558625792
1460366339923755008
1460366598548725760
1460368643901083648
1460372344115978240
1458823288780644352
1458823985370701824
1458824430881329152
1458824440997982208
1458824547755560960
1458824576243318784
1458826289532608512
1458832163420491776
1458848680975511552
1458909525772279808
1458824668069175296
1460655559343058944
1460656680811827200
1460657041073131520
1460659155392466944
1460659706381451264
1460661124907548672
1460663891583770624
1460664705152868352
1460665404829876224
1460666023733039104
1460661853919526912
1460662232598077440
1460664165668995072
1460664623934357504
1460661190888202240
1460662477688029184
1460662674082209792
1460665499126321152
1460666184370737152
1460667112834355200
1460667672706879488
1460667688116801536
1460667976802353152
1460668018565038080
1460668497239891968
1460668906826309632
1460669139043950592
1460669761478615040
1460669804189302784
1460670152832335872
1460670323439898624
1460671854759354368
1460672028831326208
1460672327595827200
1460673262279696384
1460674136645246976
1460674416422133760
1460675457523884032
1460675614705336320
1460655897856905216
1460658447108784128
1460661664395800576
1460665701945982976
1460660367613476864
1460665191427883008
1460666522037374976
1460666649921654784
1460667665719115776
1460667801149054976
1460667873551073280
1460669198204649472
1460671526735388672
1460671866138501120
1460672356398075904
1460673344726966272
1460676792281354240
1460690873927155712
1459079680619954176
1459079813554225152
1459080210410885120
1459081803302588416
1459081856171839488
1459088233007136768
1459090136977883136
1459116096062169088
1459080433640128512
1459085784112320512
1459088084205723648
1459089468317700096
1459092465877716992
1459122844504412160
1457816019687378944
1457816349665812480
1457818573083136000
1457819682313064448
1457819688080134144
1457820782609027072
1457825607543312384
1457825958296227840
1457826456453582848
1457835014687707136
1457815544992829440
1457988990481616896
1462008549861646336
1462010515081814016
1462015259233996800
1462016610181472256
1462119839112302592
1462308622084546560
1462025286334173184
1460600892697288704
1460601079587086336
1460597177294602240
1460597783094870016
1460598939799982080
1460600783980871680
1460601267420639232
1460604352180236288
1460607018033684480
1463389098190725120
1463410318223323136
1461000700381569024
1461001334094761984
1461002128357576704
1461036860906553344
1460283962245451776
1460285477429338112
1457686964954599424
1457692031686426624
1462681184702550016
1462684578859126784
1462694038210023424
1462683430341300224
1462651375012265984
1462704207274913792
1462895131233763328
1463045113605672960
1462384758567096320
1462384813898403840
1462385302572523520
1462389484016869376
1462398192339853312
1462399836515360768
1462403113613148160
1462408861621665792
1462412577229746176
1462464036164055040
1462672868907565056
1462691152847642624
1462702383721594880
1463033982925291520
1458072611364261888
1458072917460279296
1458074602077368320
1458074906613125120
1458075289444044800
1458075442611642368
1458076681000964096
1458077650010972160
1458077891149942784
1458081001712783360
1458082366728155136
1458084892663820288
1458089030671912960
1458094948943810560
1458100894197768192
1458101880094142464
1458103283726307328
1458104114546622464
1458123568353529856
1458153234820915200
1458337328699748352
1458139395433713664
1458340254327484416
1458072816822145024
1457657993751896064
1457658034923126784
1457660931769573376
1458606588290375680
1464114610471120896
1464123290520367104
1459785634697125888
1459789112546926592
1459789559689003008
1465042128912846848
1465045448239063040
1465047086118969344
1464980867626016768
1457700174181109760
1457704231507537920
1457705053071056896
1457635455055302656
1459950035173617664
1459994152045797376
1460244141535862784
1460256749764714496
1460347503602278400
1458012867769344000
1458021808796585984
1458022472641568768
1458025889539706880
1457677622092128256
1457679096654217216
1457689297541287936
1463134333200437248
1463139258823331840
1463147053538762752
1463153470228344832
1459456955983048704
1459458173597802496
1459087890668007424
1459070541197975552
1458196896304992256
1458199383498006528
1458013004805574656
1458013902319628288
1458014868108414976
1463203871103365120
1462389093606858752
1462389101374713856
1462397282779910144
1462424576529473536
1462521532941484032
1458006422134923264
1458007179739471872
1458007211335094272
1458009033810583552
1458009447012478976
1458011113220710400
1458021284433080320
1458008033523548160
1461324286732480512
1461332618331439104
1461361586413527040
1461366427777069056
1461653386609283072
1464547707318673408
1464549126947934208
1464554795348512768
1464649707075035136
1464803134438580224
1458427617607094272
1458427856002879488
1458429572748349440
1458433607140249600
1458438616896753664
1458439630265720832
1458442003214123008
1458443637587644416
1458444955219804160
1458446282444484608
1458455837861720064
1458462348826628096
1458468864354922496
1458482837380861952
1458497502248898560
1458701446174621696
1457696671958282240
1457390668943343616
1457390730008215552
1457390960254521344
1457400692117803008
1457400863400476672
1457401061266886656
1457401793814667264
1457406040736161792
1463052684198653952
1463054337194741760
1463055487189069824
1463055544508420096
1463058711430275072
1464181444973146112
1464217929847873536
1458715632464240640
1458716753396224000
1458717545037455360
1458736603220910080
1458139631988269056
1458140172835459072
1458141591055568896
1458142136742789120
1458142638436012032
1458143699557355520
1458144366971736064
1458145108814147584
1458146277292748800
1458199992284364800
1458313212319895552
1458387919740280832
1463875210621468672
1463875508014362624
1463884195357470720
1463628228011204608
1463628400443240448
1463629403141951488
1463758634215690240
1463761116270628864
1463785223192297472
1460563418700734464
1460565874063073280
1460566697505603584
1460579217637351424
1460598604981325824
1460294489294135296
1460294993155870720
1460295481813356544
1460296318610509824
1460296676787339264
1460297734364217344
1460303071444152320
1460303799411744768
1460304769491349504
1460315339384832000
1460321318432391168
1460330492461469696
1459643534798204928
1459645008991162368
1459651139134275584
1459651217077030912
1459651344671858688
1459581514157633536
1459583368333508608
1459585427447373824
1459591429878124544
1459597956185735168
1459599166913581056
1459610063040045056
1459618195422298112
1459629592000536576
1459622305596903424
1459692658679554048
1460999666208808960
1461000276958191616
1461000954044719104
1461001665427955712
1461002166513152000
1461002384075800576
1461002957751824384
1461022372438450176
1459603929000464384
1459604240486342656
1459604960367329280
1459607338952929280
1459608637991788544
1459610322935943168
1459619138373046272
1465324752453705728
1460609267220815872
1460611977844342784
1460665699546902528
1460671479570444288
1460671781098897408
1460685545726697472
1460774745935425536
1459128155650859008
1459129517063160064
1459131137977106432
1459149245580288000
1459162927911612416
1459456409829986304
1459462938188726272
1459475762457853952
1462879990811447296
1462880986929192960
1462881823181127680
1462885391942488064
1463029597457551360
1463170786492043264
1463213106277097472
1463363627310792704
1459869847177867264
1459870466584293376
1459871045838643200
1459871117460611072
1459871724762189824
1459874452997558272
1459877177701326848
1459878158384177152
1459882996220276736
1459893364409704448
1459914030227890176
1461713005704626176
1461714326830649344
1461714382669369344
1461714524520779776
1461716177965793280
1461719874854694912
1461723782805086208
1461862166366244864
1462417892834689024
1458826090659688448
1458829678249132032
1458834785581907968
1458839011934486528
1458880986154999808
1459127907591274496
1459128036658499584
1459131155773632512
1459134417939611648
1459136550885801984
1458190916196388864
1458191306119917568
1458197256281202688
1458198906408480768
1458209306420162560
1458278296915955712
1459585698969837568
1459583407223099392
1459583957754945536
1459584055922630656
1459579723647000576
1459580631529181184
1459580871615209472
1459581327464968192
1459581713974235136
1459581751764914176
1459583454627119104
1459583620885192704
1459583808349609984
1459584427349131264
1459584436572459008
1459584686280396800
1459585098962157568
1459585192084058112
1459581883247910912
1459582150651564032
1459583315577655296
1459583369474461696
1459583505390874624
1459585360263008256
1459585471164596224
1459585507298525184
1459585850417852416
1459585923096760320
1459585987697389568
1459586041879347200
1459586087970643968
1459586146103697408
1459586306581970944
1459586426157293568
1459586627496468480
1459586743036960768
1459587013586440192
1459587135833624576
1459587191093485568
1459587228682887168
1459587244604497920
1459587316608081920
1459587742493466624
1459588553898344448
1459588615516962816
1459588965028220928
1459589085140598784
1459589521826365440
1459589529703268352
1459589675803459584
1459589878807683072
1459590314264567808
1459590401380257792
1459585303878979584
1459585368207110144
1459585474356555776
1459586175082147840
1459586290559721472
1459587235020427264
1459587285008195584
1459587968004407296
1459588104403230720
1459591139431010304
1459591972121985024
1459592269485457408
1459592311277506560
1459592598969016320
1459592884127256576
1459593403285520384
1459589083823591424
1459589412313079808
1459590998082965504
1459591252576555008
1459591801363390464
1459591887669579776
1459592041600626688
1459592239500386304
1459588392212217856
1459589165268537344
1459589244142379008
1459589267777277952
1459589358235836416
1459589572581543936
1459590002132885504
1459590406396645376
1459592650462486528
1459592711015702528
1459593868316446720
1459594100949327872
1459594663938203648
1459594670871355392
1459594792418086912
1459595332715782144
1459595513943281664
1459590932664360960
1459591124960481280
1459591216245444608
1459591448291074048
1459591867662798848
1459591973543849984
1459592085904973824
1459592341350662144
1459592495705346048
1459596173409460224
1459596414820962304
1459596445150068736
1459596541346390016
1459597051222806528
1459597213789822976
1459597406190907392
1459592566974918656
1459592623816065024
1459593360876969984
1459594089284972544
1459594655310483456
1459594991647526912
1459595249567809536
1459595462600806400
1459596208046059520
1459596390431141888
1459597183381131264
1459597688865968128
1459598082534952960
1459598188088860672
1459598377142923264
1459598596324605952
1459598672623198208
1459598691698978816
1459598893759569920
1459599199595646976
1459599403241590784
1459599750613901312
1459599754258796544
1459599992256188416
1459600160909058048
1459595596130627584
1459596385762922496
1459596614696423424
1459596640080302080
1459596691414433792
1459596756321189888
1459597150636150784
1459597273386651648
1459597334057267200
1459597339644116992
1459597346300481536
1459597697871224832
1459597833338855424
1459597941467930624
1459597966054936576
1459598097726808064
1459598476979937280
1459598811488210944
1459599093706149888
1459573135267749888
1459573714937393152
1459574800733593600
1459574972964380672
1459575009509265408
1459575363223367680
1459575479833407488
1459575595445141504
1459576752427220992
1459576780189282304
1459576949081354240
1459577100332060672
1459577933752897536
1459578050526564352
1459578154746527744
1459578156898267136
1459578256118665216
1459578368609984512
1459578783464366080
1459578850975887360
1459579048795987968
1459579068563787776
1459579083063447552
1459579492725399552
1459579862453301248
1459580025515216896
1459580162870288384
1459580623539027968
1459580729701158912
1459580862564122624
1459580969258790912
1459582319476580352
1459582435155447808
1459583087319429120
1459583126271840256
1459583273689096192
1459486689861197824
1459522929205686272
1459558254221172736
1461735216758800384
1461735839269068800
1461736030369894400
1461736097105469440
1461738287207526400
1461738552887291904
1461739698049716224
1461743571644604416
1460682351399378944
1460683307507666944
1460683468585807872
1460689142015311872
1460695186422611968
1460695388244086784
1460695446398152704
1460696063766147072
1460696375369342976
1460696538318090240
1460698748028395520
1460712939351158784
1460734653694947328
1460743233412243456
1460746410849095680
1460760780643737600
1460779827447934976
1460843639001788416
1460934918645637120
1460940267918434304
1460941859581267968
1460945153099714560
1460956039134826496
1461059914382684160
1460672795155836928
1460672934834589696
1460673405208956928
1460675951470202880
1460684742228066304
1460690769380007936
1460833352622219264
1458844977463808000
1458845081276977152
1458850720371949568
1458866843108659200
1458887072119463936
1457729721588932608
1457727536994164736
1457728106035359744
1457728122380554240
1457728180517810176
1457728462110830592
1457728621746003968
1457729467992924160
1457729624406958080
1457729629356167168
1457729849108406272
1457729871287889920
1457730208321228800
1457730378450538496
1457730567030575104
1457730711755104256
1457730911940792320
1457730949052051456
1457731003603197952
1457731207345553408
1457731370541793280
1457731766060523520
1457731808678879232
1457732158458679296
1457732207917862912
1457732217799647232
1457732259012923392
1457732443092496384
1457732461417349120
1457732638614200320
1457733044761206784
1457733307307905024
1457733320033198080
1457733359329849344
1457733390250266624
1457733443006210048
1457733475235213312
1457733595011981312
1457733641753223168
1457734082356469760
1457734343418392576
1457735052956258304
1457735207944138752
1457735596374376448
1457735740079681536
1457737146681499648
1457737630959951872
1457737658281701376
1457737663528816640
1457737791912255488
1457739537984143360
1457740850709008384
1457740872255168512
1457734600654983168
1457734760147689472
1457734873221840896
1457735082983239680
1457735834766090240
1457736216808415232
1457737229208522752
1457737512198316032
1457737922057318400
1457738689799495680
1457739718637101056
1457739855329382400
1457740000334917632
1457740030760337408
1457741819949862912
1457741905710694400
1457741924404711424
1457742014070411264
1457742099051335680
1457742440367022080
1457742442145386496
1457742614883667968
1457742629446299648
1457743049774276608
1457743320227196928
1457743815079514112
1457743893236273152
1457743904489545728
1457743918926336000
1457744149227229184
1457744632352231424
1457744749755052032
1457745238068498432
1457745446252732416
1457745464242184192
1457745707163660288
1457745910696497152
1457746646285103104
1457746682867761152
1457746754145865728
1457746756737847296
1457747539088789504
1457747591064662016
1457747941628723200
1457748226765901824
1457748963965214720
1457750748213751808
1457750751334346752
1457754836187983872
1457755123665575936
1457755360161316864
1457757039602671616
1457757412132274176
1457747689207177216
1457748015905652736
1457749492829130752
1457750900232105984
1457751707979485184
1457751937709920256
1457752256367955968
1457753764484550656
1457757884960411648
1457758733518397440
1457759550816374784
1457760310341914624
1457761185776943104
1457761459476312064
1457762527434133504
1457764513474830336
1457764175770497024
1457765037230235648
1457765239617990656
1457765348678193152
1457766648270794752
1457768829602385920
1457769301486686208
1457753779793711104
1457754173139783680
1457754495895719936
1457758916394237952
1457759834208616448
1457760697367080960
1457761169457008640
1457761806433325056
1457762208352546816
1457764462098894848
1457766123240296448
1457766704105377792
1457766871512621056
1457766981403389952
1457768208937668608
1457768461153808384
1457769231169122304
1457770520699551744
1457770885994074112
1457776617493655552
1457778381353676800
1457779586763137024
1457785549167546368
1457787519349641216
1457789081438482432
1457789753739276288
1457790539122704384
1457774399805788160
1457780053140410368
1457783008992264192
1457791834407653376
1457793058024480768
1457794463263199232
1457796078770667520
1457771268158095360
1457771639970484224
1457772454235938816
1457775638681567232
1457777631777099776
1457778728751173632
1457780292605792256
1457781107441614848
1457782714937925632
1457783366023979008
1457797918019100672
1457801262154481664
1457809485456715776
1457812489593307136
1457813579730722816
1457817586733830144
1457819201780031488
1457820447270133760
1457832433563230208
1457788615224745984
1457788737434226688
1457795289692078080
1457795552989499392
1457797137358417920
1457799181809033216
1457800281731649536
1457801081489014784
1457802350354046976
1457803711967752192
1457752940895215616
1457840741959536640
1457841236396630016
1457842445480300544
1457842582965391360
1457843558942191616
1457843983804162048
1457848275646697472
1460968817522352128
1460968951710687232
1460970466529755136
1460971288575496192
1460971365176168448
1460971852499668992
1460974335720570880
1460977056964038656
1460978140671614976
1460978554733219840
1460979040463040512
1460980356635627520
1460996230276915200
1461000030794432512
1461011555345178624
1461027647295823872
1461275935609696256
1460547481557778432
1460547941769396224
1460548081393582080
1460551509494673408
1460556432135405568
1460556977386528768
1460557007409360896
1460673763545161728
1458675747279753216
1458677291551268864
1458681132594208768
1458682173087793152
1458685258149371904
1458685802515476480
1458686582811209728
1458688445581348864
1458690851622821888
1458691699568521216
1458693618684805120
1458694093203288064
1458694268621660160
1458702984020475904
1458704365246722048
1458722016006184960
1458725354290487296
1458736213108609024
1458793439886299136
1458847376240779264
1458870419486871552
1458871711303090176
1458871871554957312
1458874381980114944
1458877260707082240
1460173613232013312
1460194196527136768
1460195062349012992
1460247750185005056
1460186269661773824
1460174725146099712
1460993375386189824
1460993940069494784
1460994700828102656
1460994851831484416
1460996568409120768
1460996871086878720
1461024229202317312
1461041387353239552
1461122337022095360
1460609692678467584
1460610408318918656
1460612000719982592
1460613303047278592
1460614760102338560
1460615005511069696
1460620596262363136
1457714494579351552
1457717021202952192
1463048061807218688
1463110218024423424
1463171026456621056
1463179488230006784
1458459340613079040
1458460157176856576
1458470568425148416
1458482622460465152
1458699766804717568
1458700109009596416
1458700923635707904
1458701623950249984
1458704136892043264
1458704869632745472
1458705240304324608
1458711529059192832
1458711968077033472
1458713844453363712
1458714385401233408
1458714989687099392
1458718282329079808
1458726744370913280
1458734079906619392
1458770954977529856
1459217256114757632
1459490949743190016
1459491311904595968
1459492329119797248
1459493428471943168
1459495671296319488
1459499968885108736
1459506207320944640
1459508155709378560
1459590552194846720
1459804751378407424
1459931824721911808
1459933699739463680
1459936720133271552
1459937317053939712
1459940470344273920
1459941481746206720
1459933642956935168
1461583986376036352
1461584846233522176
1461585346622377984
1461585764387631104
1461586498793484288
1461587747794305024
1461590789201530880
1461596398261055488
1461598246057488384
1461601159542714368
1461601670094336000
1461604439266058240
1461608602133831680
1461752292449914880
1462517097171410944
1462520188813914112
1462522958535081984
1462714386083102720
1462714414336024576
1462795586101563392
1459242879021428736
1459491388261871616
1459516711540043776
1459204174764195840
1459204450678095872
1459205740573433856
1459205824979554304
1459207185938984960
1459207326100070400
1459208393252552704
1459209292775575552
1459206058933690368
1459207020092051456
1459213935626891520
1459222592200577024
1459229111956738048
1459234586546909184
1459254028081287168
1459254349327130624
1459276508422356992
1459209291362193408
1459220621020303360
1459231848853344256
1459279688141099008
1459282009667297280
1459288593546072064
1459288831446896640
1459289745117392896
1459296096866516992
1459302836391620608
1459360848120631296
1459384564619661312
1459412548646805504
1459412736522215424
1459413318209310720
1459399861661544448
1459401609071443968
1459426265866412032
1459426353678323712
1459428071707226112
1459428850321047552
1459433993628274688
1459435185217417216
1459437698314293248
1459439070824833024
1459439761349910528
1459440923457343488
1459455536978661376
1459457580292526080
1459463984575299584
1459468725434863616
1459470944959930368
1459475321749708800
1459476029219688448
1459480394018041856
1459493490128211968
1459494793114013696
1459495727055478784
1459497796717924352
1459498652762877952
1459509302364971008
1459518068057677824
1459522594248531968
1460658277189050368
1461658783998959616
1461658847546859520
1461659823867670528
1461661297041448960
1461679680247975936
1461681040699834368
1459969657310490624
1459969998621921280
1459970056054575104
1459970479561883648
1459970668532019200
1459971723164532736
1459972027981438976
1459973891053473792
1459974284064038912
1459974345959383040
1459975551809212416
1459975600052051968
1459975739340726272
1459976609683939328
1459976983442509824
1459977121447690240
1459978079296708608
1459978270619934720
1459978599105277952
1459979782645501952
1459977355317985280
1459977726580994048
1459979249046147072
1459979655893725184
1459980354006233088
1459981068656955392
1459983099589283840
1459983738159439872
1459984019576307712
1459985644873211904
1459986204515086336
1459986476033363968
1459986640823361536
1459989504677355520
1459989646113443840
1459992472436760576
1459997321727459328
1459999408997687296
1460000489177767936
1460001070667681792
1460005153885597696
1460011851366998016
1460118243276955648
1460122418559787008
1460142272503324672
1460144788070674432
1460152827171545088
1460155724479307776
1460172849319194624
1460249119373602816
1460276037552689152
1457733631321968640
1457733805213634560
1457771669922017280
1457630350667046912
1457631212307165184
1457631261325996032
1457633789925076992
1457638145219076096
1457655538418950144
1457655946768011264
1457659108245577728
1457661344694607872
1457663913399574528
1457665201550110720
1457672967173836800
1465340060694458368
1465277571537547264
1465277915785043968
1465279052961492992
1465279213632634880
1465279314321199104
1465279551840395264
1465279924923731968
1465279962240282624
1465282675397246976
1465282688370323456
1465285612899115008
1465286000243089408
1465286143105290240
1465286872490467328
1465288787425214464
1465292291996798976
1465292987345293312
1465297543663955968
1465299085771030528
1465299925370126336
1465301225075888128
1465302341939347456
1465303114328772608
1465308029981794304
1465308135464316928
1465308225859903488
1465310975976947712
1465311646000332800
1465320778971418624
1465323751650770944
1465330136853762048
1465335545765117952
1465336730526044160
1465337431348154368
1465340021079265280
1465348997942550528
1465356053915312128
1465361269918212096
1465369569632133120
1465372822507859968
1465403529909223424
1465407289129635840
1465473256190877696
1465536416943951872
1465594140910047232
1458507303267803136
1458641428024893440
1458692000966975488
1458726050117173248
1461363194518073344
1461363491680358400
1461363857310375936
1461364287205613568
1461364690437607424
1461376996303384576
1461391318165426176
1461405616551993344
1461423323972313088
1457470300652720128
1457470423562608640
1457472544211193856
1457472740236177408
1457472778614059008
1457473175927894016
1457474342770647040
1457474925082681344
1457480202594959360
1457495819045810176
1457562651500990464
1457591594861928448
1457678408784171008
1459440297969131520
1459441872192090112
1459452602186354688
1459465424530202624
1459466757421293568
1459467755757965312
1459472341419892736
1459473801280901120
1459476691047395328
1459478356357963776
1459479713659949056
1459479875207811072
1459481580100071424
1459486324784783360
1459488530955132928
1459490662634733568
1459490792851091456
1459492800978903040
1459494153709133824
1459497816057864192
1459503225456009216
1459494982369394688
1459507528325382144
1459509035586179072
1459512041606197248
1459512228772827136
1459526548990705664
1459530081588719616
1459534297191358464
1459538050426585088
1459543364559376384
1459552645924937728
1459554409457885184
1459558656123547648
1459580652026830848
1459582137036906496
1459585352683995136
1459587037200273408
1459608855957098496
1459619599234834432
1459672336693665792
1459710398119223296
1459731673596284928
1459761959159701504
1459773509698297856
1459826720400363520
1459850324689272832
1475572127931813888
1467937920799723520
1467939297689243648
1467939468841820160
1467941242562564096
1467944113685372928
1467966829096321024
1468169153584549888
1457323179815448576
1457323924186861568
1457333329880027136
1457370773375627264
1457995415404560384
1457997254833410048
1457999052314927104
1457999654784753664
1458000729860411392
1458002044078469120
1458003548650803200
1458003892843814912
1458004167860105216
1458004600049577984
1458005795266875392
1458006410810298368
1458007325231489024
1458009068577099776
1458011376878825472
1458012814757466112
1458026496598085632
1458045246844121088
1458082366853947392
1458288049717133312
1457684890091151360
1457685123877511168
1457685164566499328
1457686337168056320
1457700603379998720
1458484463755796480
1458484622287835136
1458484874785038336
1458484987452346368
1458485735007399936
1458486061722652672
1458486935706611712
1458487991370981376
1458489777754411008
1458490227664822272
1458498319156711424
1458502780902121472
1458509821146279936
1458519974323044352
1458557999488905216
1458712083860701184
1458778001173360640
1463149324708233216
1463149675310112768
1463149863613480960
1463149952713084928
1463150073022398464
1463150323770568704
1463152160745607168
1463153330201448448
1463160138018217984
1463163360619417600
1463173232488558592
1463209046077546496
1463460099331182592
1457782212212899840
1457782216663076864
1457782428647387136
1457782484284833792
1457782668267900928
1457783046006923264
1457783633410859008
1457783811693953024
1457785138960498688
1457785398789226496
1457785515193733120
1457786505544417280
1457787241799974912
1457788775535239168
1457789049725276160
1457789297000529920
1457789729097728000
1457791375596933120
1457793011388092416
1457793937733607424
1457796668250677248
1457798477291819008
1457798636356526080
1457799910787469312
1457801339673534464
1457801450369683456
1457802299070238720
1457802582810771456
1457804583959289856
1457804593207853056
1457805566265417728
1457805585626316800
1457807273535938560
1457808015055327232
1457808581768712192
1457809049353916416
1457809585637580800
1457809699148124160
1457810418013978624
1457811168379260928
1457818203581779968
1457834894378348544
1457926220763500544
1457930117292957696
1457931762982662144
1457954015862460416
1457989978156326912
1458021362195472384
1458021923384958976
1458026054786953216
1457783458583834624
1457840165251059712
1463799451999518720
1463874127153045504
1464233707280211968
1464855906978574336
1461774540296667136
1461713823996469248
1461717857822257152
1461720432789315584
1461842491330764800
1461977947166986240
1460920671509401600
1460922330167889920
1460922720112291840
1460923521958354944
1460933058924789760
1463430682848415744
1463483287205261312
1463528708342521856
1463476066673205248
1463475378673049600
1463480347920936960
1463539951463804928
1461062921711140864
1461062938056396800
1461065465166446592
1461067715280572416
1461070628845506560
1461084872848596992
1461095891172040704
1461096609073270784
1461107759752040448
1461108138321534976
1461266042311909376
1461292019096117248
1461409718698749952
1461285466435690496
1461327940474576896
1458452740665921536
1458690158568615936
1458732412406571008
1458452336834142208
1458452447744122880
1458457692528431104
1458459469378109440
1458495925471612928
1460691872884609024
1460693118232190976
1459466364159156224
1459466914539966464
1459501200026570752
1458009008506392576
1458009917781069824
1458022997613240320
1458848850572099584
1458854733448421376
1458861440287350784
1464595408844472320
1464611689333198848
1464622118021341184
1462070357033115648
1461712153107386368
1461802575976701952
1460690337484222464
1460687591473352704
1460920599426088960
1460945329562558464
1462540544442208256
1461682460744425472
1461664402210500608
1461666495596007424
1461701546249445376
1461680704018948096
1457998902796369920
1458006110330408960
1457997987620212736
1457998795065765888
1457999728919162880
1458016011383357440
1458106202907451392
1457683277586780160
1457683464803610624
1457683502334455808
1457683605476495360
1457683671155187712
1457684052023070720
1457689149457244160
1457699654968266752
1461670502649450496
1461670669889028096
1461671281288437760
1461673332953300992
1461673991530233856
1461674161223446528
1461674628032696320
1461692660670947328
1461712814884728832
1461713069986439168
1461724327758467072
1461920582560329728
1462010543871569920
1461295362480693248
1463065900786016256
1463068059149737984
1463069090365509632
1461769660068732928
1461769877769764864
1461773179177811968
1461811185377021952
1461811748181364736
1461812567995822080
1461812910532014080
1461812917779763200
1461813734662365184
1461901745647497216
1461717280065261568
1461717313850421248
1461719415997804544
1461759349550841856
1461592437898592256
1461595038698418176
1462113223264583680
1459962959392817152
1459968570599874560
1459593596785545216
1459596113007288320
1459597085519622144
1458868430648578048
1458925965699129344
1463848731745435648
1463850194991263744
1463853111039119360
1466172205121912832
1466476073953202176
1463566614780071936
1461731056814596096
1461748142966296576
1461764992970248192
1461743640024428544
1461614835326668800
1461681081720135680
1461416783253016576
1461417126183378944
1461423325142405120
1461353079836536832
1461354949074317312
1461366714247966720
1461379800044646400
1461390523156123648
1461314866061455360
1460618737611063296
1460620792706785280
1460673133644595200
1460582302669541376
1460584196972417024
1460587353525870592
1461736016742596608
1461736138658529280
1461736826335551488
1460562025105563648
1460562514975014912
1460564397638701056
1460148165412335616
1460201075953254400
1460250224312606720
1460489790747549696
1458524694462750720
1458526070265860096
1458113723558768640
1458115265322000384
1458115623066783744
1458117145062215680
1458101763836465152
1458103082953420800
1458106943558590464
1458108811554828288
1458112647006674944
1458152705055236096
1462133442041327616
1462136141562449920
1462139088539201536
1462142036367355904
1462001484929937408
1468115561662009344
1468137235727933440
1468166842451730432
1468177173668315136
1467822748449845248
1467835729871003648
1467858575938703360
1466492753349689344
1463594928336945152
1463431965793792000
1463432162020052992
1463437777207533568
1462691046693953536
1461832121002119168
1461838333903089664
1461843981533339648
1461845493022175232
1461392550842052608
1461393529121484800
1461393996828352512
1461394622081605632
1461398137617141760
1461343552873500672
1461344762082910208
1461351419009589248
1461367847355965440
1461368096711536640
1458150635799519232
1458150861037875200
1458154606014443520
1458154844208914432
1458155202964508672
1458164476092592128
1458153255779844096
1458008695233728512
1458026821237231616
1457706505751470080
1457715529481920512
1457678349720068096
1457678492460625920
1457683129028726784
1457977652099354624
1457977999266095104
1457979544527380480
1457981050919997440
1457994038569746432
1458332680861454336
1458333157187596288
1458335501723787264
1458337311347941376
1458362850758512640
1458298015232450560
1458299696728903680
1458312397744115712
1458025153112256512
1458028579795709952
1458462641723256832
1458174875663835136
1458180197950361600
1458205453167513600
1458278999919050752
1458174439464607744
1458182867197038592
1457632371029782528
1457634762743496704
1457720603067158528
1457761769737396224
1457688642533666816
1457699396695515136
1457703868259766272
1462761718560571392
1462761783157039104
1462763939377336320
1462768215671644160
1462768455241895936
1462773816367759360
1462774215740997632
1462762784245137408
1461276628353527808
1461276816719630336
1461278421649182720
1461279731698089984
1459818055647866880
1459828069024382976
1459840681594310656
1459922613539590144
1458862279655628800
1458864412970962944
1458888298097623040
1461322359164612608
1461324304201793536
1461324312640634880
1461326412024102912
1461398425027719168
1461013169208446976
1461018884346204160
1461025502928379904
1461097769263845376
1461272145695322112
1460837343498223616
1460845083486564352
1460859719040520192
1460871356493479936
1460541803359318016
1460543365355909120
1460555184866799616
1460386429826174976
1460393538135502848
1460394329667686400
1460394351297798144
1460397426091728896
1460405675343888384
1464924321172836352
1464924801517170688
1464926728292347904
1461345764286812160
1461962468465512448
1460501471225655296
1460501877678874624
1460501951016284160
1460502531638018048
1460504980528549888
1460505841199681536
1460506402552795136
1460560556079865856
1460243178532003840
1460245288656986112
1460143883409629184
1460999058949120000
1459782520342552576
1459783514950414336
1459795050267873280
1459795248452976640
1459535493385924608
1459505375531704320
1459261088386723840
1459263741690843136
1463127239059456000
1463129111153553408
1463154499669970944
1457620239949127680
1457621440245739520
1457628421249552384
1457631105222336512
1461415095674748928
1461418013643755520
1461419461634834432
1461424708440756224
1461580964975550464
1461716572230332416
1460283464234815488
1460297363864625152
1460035157646352384
1460044389204611072
1460049728931049472
1460060255157690368
1459631575604289536
1459632738382852096
1459146804717502464
1459157209145913344
1459102254426955776
1459109507250987008
1458830751038947328
1458833851187441664
1458861669497647104
1457784888392753152
1457392477082632192
1458474333395955712
1458475814350213120
1458499614173184000
1458592610369642496
1458098951358451712
1458098982681448448
1458103373958467584
1458148365032574976
1458148746940850176
1458156680290738176
1458169570544455680
1458221234118930432
1457732801407619072
1457625034839764992
1457630703429033984
1457648419447754752
1457706510830686208
1457615675166502912
1457615772495253504
1457618594347593728
1457621277758394368
1457624426716045312
1464520347550638080
1464521947979595776
1464523063589019648
1464527256328585216
1464578991977902080
1458346304329895936
1458349231899660288
1458349924832235520
1458355789421236224
1458412162322477056
1463432249915985920
1463432984749617152
1463443143844585472
1460867116370964480
1460295209812647936
1460312618447613952
1457688673781178368
1457691586507247616
1457691588717645824
1460556888685391872
1460558130190991360
1460565030395695104
1460570101934133248
1460571852657639424
1460598437850849280
1460602895297130496
1457816059487178752
1457817566165049344
1457817712307101696
1457818851207483392
1457820496200863744
1457827616887611392
1457837935835951104
1462762981700288512
1462765018886328320
1462771992277491712
1462774215598297088
1462785856410992640
1466450579702657024
1466558357272248320
1466657573570969600
1466453377529925632
1466465427983421440
1466468311139590144
1466478532213854208
1460353913945788416
1460398786879135744
1460570803083304960
1457675072697683968
1457675272250085376
1457675671052898304
1465678567287799808
1465678721059282944
1465679977727373312
1465684357818064896
1465686223247364096
1465689814708068352
1465720221008732160
1465728097030922240
1465774264238460928
1465782429319315456
1465785898671525888
1465788566001393664
1465793882369798144
1465879938922422272
1465895164887580672
1465907706015928320
1465910212238401536
1465944110536216576
1465945527552520192
1465947198873645056
1465973751632252928
1466128908114444288
1457682031199064064
1457682377627639808
1457683428187549696
1457684253098057728
1457684633949253632
1457690477235523584
1459626529500151808
1459627287343681536
1459666559027322880
1459627726604804096
1459632546984206336
1457955868075569152
1457959211904770048
1457962392869085184
1457982928219164672
1460181455267581952
1460286350951784448
1458462766675726336
1458468368353222656
1458470920595587072
1458490377338556416
1463503551871729664
1463504240568061952
1463504366208524288
1463515860065304576
1463578340380577792
1465066062190370816
1465067687961403392
1465067768370409472
1465067796199526400
1465074058148696064
1465075113771085824
1465078916096442368
1465137204641021952
1465229734762139648
1465240237446246400
1460603704512548864
1460605957092917248
1460607262616076288
1460608112956739584
1460609545416417280
1460609644523626496
1460610224474275840
1460611069681020928
1460612885705641984
1460618196772347904
1460619341171470336
1460630795413032960
1460710932112457728
1460634234847170560
1460656567758602240
1460704845548204032
1460861223826776064
1460880236065738752
1468100371033772032
1468117849998823424
1468127769208885248
1468136118608666624
1468153625369264128
1468507433819688960
1457835431307976704
1457838741905620992
1457842600698855424
1457912222617907200
1457914789955518464
1457917581239619584
1457949233953247232
1461365433173381120
1461367166234595328
1461370111483265024
1462174465882836992
1461235365667291136
1461240514938818560
1461256475880443904
1461318033536864256
1463608071213748224
1463609379169652736
1463609699077705728
1463610054586904576
1463611894179274752
1463630242313121792
1463646554636664832
1463668646153232384
1463756520890552320
1463787582140071936
1463796081574223872
1457634005373837312
1457634027783999488
1457589893425664000
1457590874167287808
1457592576308092928
1457610909342371840
1458739321062793216
1458739732989583360
1458740191166877696
1458739042061852672
1457980911685881856
1460703027166429184
1460746205877653504
1460776262679552000
1460854775067590656
1463256637674827776
1463257223455547392
1463257228249554944
1463257240782188544
1463258398754066432
1463265219543773184
1461437600011542528
1461438110718435328
1461438369678909440
1461440099368026112
1461441471555510272
1461445848068460544
1461448737134415872
1461449376476315648
1461571352419315712
1457366544850227200
1457370436908589056
1457371201681215488
1457496727112536064
1457709489730248704
1460173137522405376
1460175671930540032
1460176043365519360
1460190585155899392
1460230892790689792
1457646237444890624
1457648830393077760
1457649001042518016
1457649290524954624
1457649426722398208
1457649927178362880
1457655102374821888
1457655975335301120
1457700928744738816
1457778451717361664
1457779659773333504
1457808404119003136
1457838763204386816
1457863036929253376
1457971704748298240
1468233312896487424
1468245579989987328
1468235732791738368
1468241972242661376
1468326590954328064
1459901172723109888
1459902893046341632
1459910079084433408
1459993091495104512
1459993376518979584
1459901177605378048
1459901685338357760
1459901832260734976
1459903336946274304
1459903965735395328
1457671838365110272
1457675507844231168
1457677750869843968
1457736615728648192
1457746733585342464
1457962733094285312
1457677701251309568
1461316723811012608
1461349226844020736
1459791302107840512
1459805027292393472
1462022598888460288
1462106227282952192
1462022832620290048
1458399041679675392
1458399666056441856
1458399939587870720
1458403575252594688
1458325445611606016
1458326289316786176
1458326685334581248
1457835895743291392
1457838256872169472
1457841227022356480
1457841712693485568
1457943661484908544
1457779557541371904
1457780719762087936
1457783668424916992
1457790072942563328
1457736299264323584
1457736632216522752
1457738258776039424
1457739287466758144
1457741988221030400
1457793647399751680
1457793760599810048
1457794351405305856
1457794571258064896
1457796160882573312
1465079034606501888
1465079785785335808
1465172852613824512
1463987555255427072
1463990003193847808
1463998999288066048
1464057560055656448
1463838126988738560
1463841273908023296
1462002625247862784
1462003197766254592
1462003568186114048
1462005583129858048
1462030505096921088
1462140766759833600
1462145158506500096
1462148228078620672
1462159368997191680
1462160869970915328
1460328319212208128
1460328417811906560
1460333712181182464
1460335102181924864
1460335185585651712
1460342249074696192
1460354747538493440
1460359891252649984
1460326864875053056
1460327926721880064
1460334707162423296
1460513873060982784
1460516698218549248
1460520972260417536
1460525574947024896
1460527586417721344
1460528270064107520
1460528660486709248
1460530294994386944
1460530356302581760
1460535951290159104
1460581862489792512
1460583059007414272
1460583859444146176
1460584041523130368
1460585053046681600
1460586968480419840
1460587255115010048
1460523259418529792
1464542273782300672
1464543429753462784
1464543579041378304
1464547061345439744
1464549024040640512
1464553720751001600
1464558067320766464
1460552238015959040
1460552654539657216
1460874633968635904
1460874653128343552
1460874922033664000
1460875085884141568
1460876443836198912
1460876455554994176
1460876874863763456
1460876753707180032
1460879269840707584
1460879576247193600
1460880497173803008
1460882603427479552
1460883632889937920
1460883924255748096
1460884006451490816
1460886425004609536
1460891266321948672
1460901808998604800
1460973528157675520
1461108404974505984
1461476024621936640
1498821207679975424
1460132642301562880
1460137612749021184
1460139276998524928
1460144728696000512
1460151904563085312
1460153360905080832
1460156380816543744
1460176641053892608
1460587407074541568
1460130708144410624
1460132112372314112
1460132794978508800
1460133655737741312
1460145516466028544
1460149847110176768
1460221405430169600
1458447248459800576
1458448610996150272
1458458350836912128
1458471375690158080
1459137218950348800
1458450745938911232
1457850917169123328
1457851244551229440
1457851293138145280
1457851902490710016
1457851915719614464
1457852158527918080
1457852654110060544
1457853323617443840
1457853342793838592
1457853526374289408
1457855105210933248
1457857254984716288
1457925485174874112
1457927011926749184
1457932498994860032
1457945664525115392
1458002398971146240
1460953150844768256
1460953914480730112
1460956340361248768
1460961516702871552
1460998045114458112
1460579473120808960
1460582374840881152
1460588683451637760
1460611861154574336
1460627628222820352
1459605075597348864
1459609458796027904
1459642504165433344
1459682465694601216
1459821211848953856
1459821375741382656
1459821768210849792
1459822242506887168
1459832014882934784
1462033619082489856
1462034039469187072
1462035124304986112
1457780873839841280
1458251978593689600
1458252215643115520
1458297563463966720
1458298735914635264
1458302207703592960
1458312557626802176
1458334295970525184
1458420331677462528
1460127787214381056
1460128594517241856
1460133719210180608
1460182012564852736
1460743169205837824
1457656856201994240
1457688770967482368
1457694561195765760
1461670157231742976
1461670041007669248
1461670232695652352
1461670403441577984
1461670571931054080
1465742833986555904
1465743024105963520
1465743368865173504
1465743465585823744
1465743842750214144
1465744013760339968
1465744507065057280
1465744848221310976
1465745089502887936
1465746041207148544
1465746836342329344
1465746844374417408
1465747698414411776
1465749484063838208
1465750809975664640
1465751056256839680
1465753549632061440
1465754395631656960
1465758592154443776
1465760053441581056
1465765842340229120
1465777512110252032
1465779302201495552
1465792259488690176
1465805249126576128
1465806298717503488
1465807311461621760
1465808299186610176
1465812539552546816
1465753731295846400
1465783202254139392
1465787665933033472
1465804440255045632
1465810160371306496
1465813837765095424
1465822649158967296
1465879150019977216
1465907209938915328
1465934072933498880
1465934315011940352
1465935158201266176
1465935438925942784
1465935709223768064
1465942673630638080
1465944918174617600
1465946446189023232
1465946904802516992
1465760324125089792
1465800720737869824
1465920824708370432
1465935904460189696
1465937936009076736
1465947502784520192
1465948936443772928
1465950418815619072
1465951260813766656
1465951705871392768
1465953435149164544
1465955850699350016
1465957800954277888
1465959241198579712
1465961576872226816
1465963476321546240
1465964030749724672
1465964184588496896
1465964426813714432
1465964863319166976
1465969433915052032
1465972733272072192
1465973257002180608
1465974572373745664
1465979230613917696
1465985452515676160
1465989746648391680
1465993460117393408
1465996842026606592
1465998487112372224
1466001038884978688
1466009839277154304
1465981301543034880
1465982658933149696
1465986037986086912
1465987948147585024
1466006462795239424
1466011662721458176
1466012627117686784
1466016356407685120
1466017121377341440
1466022548899090432
1466027457929220096
1466038780062752768
1466041910385070080
1466051680097738752
1466052250573455360
1466055904135159808
1466057179643928576
1466059822273605632
1466063582152605696
1466160958284435456
1466174381621760000
1465745520463429632
1461713404255780864
1461707872237142016
1461709354453843968
1461712165635776512
1461712298821750784
1461714021023944704
1461718664886034432
1461721028695048192
1461735006049648640
1461761801524334592
1461855466716377088
1461856656472653824
1459980147470352384
1459996079353700352
1460016322671116288
1459980954051747840
1459983470785146880
1459984958437707776
1459993894020648960
1460004492775145472
1460143799020179456
1461339283281883136
1461342096921489408
1461371636452581376
1461347221060800512
1461349343672160256
1461359156540022784
1457338561846448128
1457328273529217024
1457333620503453696
1457551843987529728
1458308681985048576
1458204296512671744
1458205563645566976
1458206113216749568
1458206496840470528
1458206692173357056
1458219699326619648
1458220293764403200
1458223896549896192
1458226639310053376
1458231661074784256
1458299471381532672
1458304464893399040
1458335181828501504
1458335192763047936
1459765147615043584
1459507041492471808
1459512179850420224
1459518383620304896
1459518996684890112
1459522167146700800
1459527843772313600
1459528736580198400
1459528741537947648
1459536067539910656
1459537896751476736
1459557768482988032
1459566201902931968
1459571386247229440
1459797575989698560
1459830169540177920
1465232565372166144
1465232625744896000
1465232810558566400
1465233004888997888
1465233473535365120
1465234709252816896
1465235044352602112
1465235265958686720
1465238732790013952
1465240109448634368
1465242083497754624
1463429511249289216
1463439251488526336
1463455021408960512
1463561673151856640
1463431006631907328
1460224841643085824
1460225516972167168
1460227580230086656
1460228540012679168
1460230678633762816
1460237291281125376
1460238964351250432
1460241364097146880
1460269964993179648
1462413451989504000
1462413577046925312
1462415902293512192
1462417167618650112
1462418215313805312
1462418641270489088
1462422078506913792
1462425727459119104
1462469288904777728
1457976331472449536
1458023860205404160
1457977941149851648
1459822490134491136
1459816143103930368
1461002140915220480
1461003380449595392
1461004402911813632
1458797320103940096
1458797929590894592
1458072279716405248
1458078108645527552
1458080616377995264
1458156343190245376
1463140174725099520
1459826541215588352
1459827727117299712
1459828224679198720
1460171560501882880
1460179384351006720
1460192725077221376
1460263447761928192
1460275418745999360
1460346613889708032
1457655252539351040
1457659251908825088
1457703567054286848
1457708210022928384
1457710226422079488
1457724763460222976
1457729867710087168
1457868596139499520
1463220261197692928
1463223299303956480
1463434930923483136
1463445208121626624
1463449560198619136
1463449566838247424
1463449907021373440
1463532842609266688
1460569139328819200
1460588553939861504
1460592521931857920
1468151543744634880
1468153369428729856
1468154960017776640
1468158480376897536
1468166863045763072
1468167293196767232
1468208160582287360
1459951874434641920
1459952060238082048
1459952645980966912
1459953052220379136
1459888815292792832
1459906083426811904
1459632280029306880
1459632845526347776
1459668167131807744
1461335327113687040
1458548787606171648
1458549175004585984
1458551397482483712
1458570065222283264
1458491692298952704
1458496320239546368
1458534849468325888
1458360518436130816
1458360929897402368
1458180243915739136
1458180878258118656
1458181523086118912
1458182540133601280
1458183919765913600
1458189043288715264
1465453683001466880
1465455968666402816
1465376790319353856
1465378223101988864
1465379759576297472
1465380290692583424
1465380501359894528
1465380538433351680
1465380781338079232
1465381459120869376
1465385911533854720
1465387089793630208
1465388474685665280
1465407054064066560
1465407262688792576
1465376206979833856
1464567262279520256
1464564528788742144
1464566593770430464
1464567732712660992
1458071382399623168
1463909384065531904
1463910873580417024
1463911831429337088
1463852649053368320
1463853804244328448
1457617653753860096
1457618355951702016
1457448192182734848
1457448621784408064
1457449934861520896
1457457739802742784
1458037447741386752
1458041028615757824
1458042533423030272
1458043674273763328
1458044939720404992
1458003626295693312
1457839530879422464
1457840025077485568
1457840556378312704
1457840923933614080
1457764707427889152
1457767654245216256
1457768320938151936
1457769238077349888
1457770103060119552
1457772333171556352
1457773051114754048
1457774946080354304
1457776158263574528
1457776658539155456
1457779124689268736
1457781116622962688
1457781606236635136
1457790655783006208
1457799602761986048
1457801278931701760
1457805189797322752
1457682515305672704
1457682824887156736
1457685047067217920
1457715334178344960
1457635920807616512
1457639975030345728
1457643704202694656
1457660363156119552
1457652005070151680
1457664231629901824
1457665187314610176
1457666849521340416
1457642722760790016
1457652134409822208
1461807692796813312
1461808585827045376
1461813538742222848
1461907103912804352
1461969449087639552
1462794311247044608
1462798123483418624
1465287974191607808
1465289646469005312
1463216533996515328
1463216926184947712
1463216944908312576
1463217277608906752
1463218243179618304
1463219427508432896
1463222082557427712
1463224901372940288
1463225356845031424
1463226435024429056
1463231842606276608
1463233680244097024
1463252553395806208
1463253395578494976
1463254639311306752
1463386380676050944
1463425873013575680
1463469455502106624
1467209066304966656
1467221913479127040
1458067949173055488
1458080744551723008
1459266498225221632
1459268147941416960
1459269821477105664
1459291967548968960
1459267023561801728
1462353099776049152
1462368054181085184
1462371555804127232
1462397250936655872
1462433687694368768
1462538858768252928
1461802331956301824
1462011680649584640
1465334496908255232
1465340609615564800
1465344376666832896
1465710430836322304
1457739102065938432
1457745690889793536
1457758800551817216
1458421522767519744
1458427258415296512
1458452206051545088
1458434657326931968
1458435218440925184
1458440039545942016
1458447746009030656
1457643423759020032
1457647977640693760
1457662058414104576
1457733084233805824
1457781084117110784
1463176820971429888
1463177232822722560
1463177576067878912
1463181780689768448
1463182356362190848
1463191768376168448
1463205862697222144
1463448943367442432
1460336305699700736
1460348779639582720
1460335281580744704
1460336060936896512
1460336144999190528
1459978153909174272
1460116491160932352
1462725546656342016
1462727563302907904
1462727953104740352
1462739643842154496
1463109557081841664
1462731606481944576
1459969374966661120
1459969522883047424
1459969607138258944
1459971912155779072
1459972279803297792
1459985554771226624
1459988743528534016
1458210220614852608
1458214348921491456
1458318014873546752
1458319375031750656
1457356439069024256
1457357109255888896
1457358401961439232
1457363855768698880
1457365148113506304
1457403117868302336
1457410843847675904
1460185348336766976
1460188548305408000
1460190955022209024
1460204421770407936
1460249235383848960
1460176988501692416
1460177633145143296
1460178003363876864
1460178812864536576
1460179128905256960
1460179644741738496
1463856100248334336
1463857785762897920
1463872955969114112
1463875113779183616
1458432489408638976
1458433022898970624
1458433190457233408
1458435967577116672
1459812671398858752
1457299417539751936
1457302437748953088
1457676335753482240
1459946037314002944
1459948155265597440
1459975618263764992
1457659801324904448
1457660349675606016
1457660599123464192
1457661840029323264
1457662400946229248
1457662678793601024
1457662765070524416
1457663082143092736
1457663207716401152
1457663229182816256
1457663546892955648
1457663554853744640
1457664062473506816
1457664166131638272
1457664213275627520
1457664473985167360
1457665138635558912
1457665140464230400
1457665214921457664
1457665370798665728
1457665444605739008
1457665787611729920
1457665920696991744
1457666047461531648
1457666681338277888
1457659646316056576
1457659964273606656
1457666569539043328
1457666747394371584
1457666819142074368
1457668365187698688
1457668712685871104
1457668840347820032
1457669025476091904
1457669106786836480
1457669658140717056
1457670036836036608
1457671304409231360
1457672285825941504
1457672926795374592
1457673832622399488
1457676091594878976
1457680547174666240
1457680865656545280
1457681848809689088
1457682023368232960
1457683595510878208
1457712720313192448
1457739898170093568
1457682450612690944
1458348413095923712
1458349187595112448
1458369512676511744
1458383207053905920
1461725674138484736
1461727585969315840
1458002196214190080
1458009527748632576
1461014193172320256
1461015270022123520
1461017441081901056
1461253112040148992
1461254207634391040
1461258244026941440
1461261556457611264
1461281766036094976
1457389499349143552
1457391417698004992
1457394644879351808
1457394966683082752
1457396391454588928
1457397651067084800
1457400892366409728
1457407363238055936
1457414337904234496
1457448172771594240
1457449266293714944
1457390043170017280
1457628166156169216
1460638238914355200
1460638705891393536
1460639698557321216
1460639895005843456
1460640321784717312
1460650723138584576
1460674445803237376
1465942463735025664
1465944185777836032
1465949497297707008
1465951490766524416
1465953193863663616
1465956492612362240
1465961014265065472
1465964563669655552
1465966003716825088
1465968611357609984
1465978962677485568
1458092820963762176
1458093210543263744
1458095668610863104
1458096149546602496
1458098242135134208
1458119838828843008
1458120925753364480
1458121535886143488
1458126271943086080
1458128543888650240
1458357987312025600
1464482342433607680
1464485381638926336
1464495788726312960
1464504498982903808
1464506502836797440
1464506656209965056
1464507988488732672
1464534686756179968
1457788040609288192
1457788698687201280
1457789351971082240
1457757754152599552
1457759678755188736
1457767912916324352
1460931164181573632
1460931850722066432
1460932047078408192
1460932072734867456
1460894467859300352
1460898883815587840
1460902588367441920
1460939329983987712
1461016110535524352
1460566320005758976
1459487064081276928
1459487778845118464
1459487887192375296
1459488444934234112
1459490592371712000
1459491669783584768
1459502316256645120
1459515829377290240
1459539897212145664
1459553189800386560
1459578865899163648
1461637047211503616
1463477544280330240
1463479636898324480
1463480975913066496
1463483173002698752
1463488803679711232
1463518311514353664
1463519835493748736
1463434807879294976
1463438566034395136
1463451680331206656
1463458816859820032
1463539791216230400
1460729152705810432
1460731683641114624
1460731753782513664
1460734051292168192
1460737564671885312
1460883509543907328
1461027875818287104
1460736218078003200
1460264258558697472
1460265481982693376
1460266578784702464
1460281275588046848
1463205987091951616
1463208696553553920
1463492443249258496
1458478928734171136
1458479811198865408
1461459559315386368
