1433019882770157568
1433138960197431296
1433452099765948416
1433519110319710208
1433758898087944192
1433770057511981056
1434072041825648640
1434043689458978816
1434558257905950720
1435040586344632320
1435198022976262144
1435252423178825728
1435565457273131008
1435622345901854720
1435904049375850496
1436020231021924352
1436029551545659392
1436206303588855808
1436060657238036480
1436251715054055424
1436312735638228992
1436312929784246272
1437108771575238656
1437167260280442880
1437063349888487424
1437149651568926720
1437449639398105088
1437679265584123904
1437652294846324736
1437745123748634624
1438067695719796736
1438180311314092032
1440022971112951808
1440035030449811456
1440048212522377216
1440070885583429632
1440332913778720768
1440353394783232000
1440484960004022272
1440796270134652928
1440639003233947648
1440701291483729920
1440744252477112320
1441310600274010112
1441533043055886336
1442106511992446976
1442562959251697664
1443876869963763712
1443606596412755968
1443666843462471680
1445029696668934144
1445384256658804736
1445387517834956800
1445749053136932864
1445804082166435840
1446464997014581248
1446499607643557888
1446952730350784512
1447126406253658112
1447256676659257344
1447554522788814848
1447480369675132928
1447998696164057088
1448393845285298176
1448691947611303936
1449000863679266816
1449153621862518784
1449444033638588416
1449684465966583808
1450186402809929728
1450283617733672960
1450941899997581312
1451669059859324928
1452023203661033472
1452250322789933056
1452271696879173632
1452372734290259968
1453021889027248128
1453748380807598080
1453819896891117568
1454185549712039936
1455066645509062656
1455094294960803840
1456684671232876544
1456747334050713600
1456931450243231744
1456928662285078528
1457096822284034048
1457069943908884480
1457121568782487552
1457088312624173056
1457296208754581504
1457365074079887360
1457307557551382528
1457773037281972224
1457777933855047680
1457737193057882112
1457973578591264768
1458742898657267712
1458396603895664640
1458124338150903808
1458168021122433024
1458146311073587200
1458543141448032256
1458493453076156416
1459171887632855040
1459214175125876736
1459173406470029312
1459282549566545920
1459585694318399488
1459605355378450432
1459834971468800000
1459857430385414144
1459907895265566720
1460359935171211264
1460425183005757440
1460579544159637504
1460713931710898176
1460751451530174464
1460888660988022784
1460890683435270144
1460970355129004032
1461074182310141952
1461096939475415040
1461765323787485184
1461339420230094848
1461470081049845760
1462256591554633728
1462756252564533248
1463097065190346752
1463192438869311488
1464011151499481088
1464173370988244992
1464259265288450048
1465440581786738688
1465287200975822848
1465959975860285440
1466388826998386688
1466390305960337408
1466512244787798016
1466830459267072000
1467052649228996608
1467209022847729664
1467455890190127104
1467515593167355904
1467811940869287936
1468242581930840064
1468673301509816320
1468887603114086400
1469197097731776512
1470333298807296000
1471755354681888768
1471777060804861952
1472106711733448704
1472100498807443456
1472588813222486016
1472587153330819072
1472857212779433984
1472990142352744448
1473351697921679360
1474108377047486464
1474362307111174144
1475296009819500544
1475549146081808384
1476605669302284288
1476632724651839488
1477920388323631104
1479105545676070912
1479482789007433728
1479459949931819008
1479757307068227584
1480122070390521856
1480170405310734336
1480228800445263872
1480437414716112896
1481031736104472576
1481941270893408256
1482013214938390528
1482120974355124224
1482384739592028160
1483020003385487360
1483864296266285056
1484338824041811968
1484938494548090880
1484960659431477248
1486804627454582784
1488797814121451520
1488569162544959488
1488596072683474944
1489302619160039424
1490352670628106240
1490633821355659264
1490924983480369152
1490876333085401088
1491144086916845568
1491214777255084032
1491883480115990528
1491907746232520704
1491855876621312000
1494421853213011968
1495047085950918656
1496507446352912384
1496483366388047872
1496815036043603968
1497000238875176960
1497143807757934592
1497171111267774464
1497524511280807936
1497595202021773312
1497613812748402688
1497638223413014528
1497705234973474816
1497782355523743744
1497923836532039680
1497947458369990656
1498000213998555136
1498086951076962304
1498356541073862656
1498220707888738304
1498210621971701760
1498389926471213056
1498701179529879552
1498749420795539456
1499038904128790528
1498974145706610688
1499089347118874624
1498979868930887680
1498983368163217408
1499045503090270208
1499363686347161600
1499097453513093120
1499158664573333504
1499262710839660544
1499522111815262208
1499333217299668992
1499353478866612224
1499442290691035136
1499423871887417344
1502240177124782080
1499788236041986048
1499891264342396928
1500465597674569728
1500247474228838400
1500137603819057152
1500141121980309504
1500218326139691008
1500209172683632640
1500513150726250496
1500394706194337792
1500380470479310848
1500413920305160192
1500412170009464832
1500468868153851904
1501320800632193024
1500598176000131072
1500763931073298432
1500966418254344192
1500827311939239936
1500857044869464064
1500946966963965952
1501657937621573632
1501665282099761152
1502019065208090624
1501710162834468864
1501857189178355712
1502008868368437248
1502304972972695552
1502725289083813888
1502534201706434560
1502562232063995904
1502566941319389184
1502979749827784704
1503004113507864576
1503014257855811584
1503016497240854528
1503071667727314944
1503302494478340096
1503650086391369728
1503446175466364928
1503633321561055232
1503738816024227840
1503753328467009536
1503822256669081600
1503834160905035776
1503888101512466432
1504255016755998720
1504210129343946752
1504335193775214592
1504419536614866944
1504427392311382016
1504463771237945344
1504463817937465344
1504467624410898432
1504542490241769472
1504729431948025856
1507161954821062656
1504782810493693952
1504836153882685440
1505074004754898944
1504918021780946944
1505124849932513280
1505213115050438656
1505628650523312128
1505659300886323200
1505674764505034752
1505884790943268864
1505981231808356352
1506581097769013248
1506531470764089344
1506893486649446400
1507024317799800832
1507133177327984640
1512316176340332544
1507586282746261504
1507631270917980160
1507709418888216576
1507921166203297792
1508886121429839872
1509524720416223232
1510223491601244160
1510907522089168896
1511338129814339584
1511677952873934848
1515671905105330176
1512736333642575872
1512355626697039872
1512504273971691520
1513049977437790208
1513378436584292352
1513517465074032640
1513532101903147008
1513570669736472576
1514313814426144768
1514691829282873344
1515939297228173312
1516138348150247424
1516482574608183296
1517465336458719232
1518178716756713472
1518309236396150784
1518530124710359040
1518498551994757120
1519033217101312000
1519334532088008704
1519992592284401664
1520354265889267712
1521203258924150784
1521204390237028352
1521222245699489792
1522330011298107392
1521845180005064704
1521978709749686272
1521949452227039232
1522146184231591936
1523272821576712192
1523243161115676672
1523402340631736320
1523725499989884928
1524000453607972864
1525110406007689216
1525381625286115328
1525658871880089600
1525756336142798848
1526178989794119680
1526291602766954496
1526480957267578880
1526477923745685504
1526506357586808832
1526854025882353664
1526770263056076800
1526857093931749376
1526956803279437824
1527400393591988224
1527555444847300608
1527892470369075200
1528691953419923456
1529346749785116672
1531646540535693312
1531754169996038144
1531949591981088768
1531956448183390208
1531986263804354560
1532325953648615424
1532695022776340480
1533178075739049984
1533139128015065088
1533876307670585344
1534472808973144064
1534400307937124352
1534631203248152576
1534812712831750144
1535326444536070144
1535190607118860288
1535385797918072832
1535557812213915648
1535571167003680768
1535539267136634880
1535915907817545728
1536313291189927936
1536069926712131584
1536281690481598464
1536421793581481984
1536497500655427584
1536947556537843712
1536993683391795200
1537329600438669312
1537521836937945088
1537784973377384448
1538630538277314560
1538886311997759488
1539268607045148672
1539573753578930176
1540299201476689920
1540669793753337856
1540388290666369024
1540447964765868032
1540580976170094592
1540639285380014080
1540622808589410304
1540607006461071360
1540607331939090432
1540609178405830656
1540641689529892864
1540645738933280768
1540683833783201792
1540774141824868352
1540720996696567808
1540724477964668928
1540752444098895872
1540773366126239744
1541385389386121216
1541007509909118976
1541112370642227200
1541325829938061312
1541137816524038144
1541323118412718080
1541296852829618176
1541126323086626816
1541466030387732480
1541317733853405184
1541314616231428096
1541498288536420352
1541419554341093376
1541778693101608960
1541541319918624768
1541830386627612672
1541755120228114432
1542049774408503296
1541799379220185088
1541814507042914304
1541879210511372288
1541930329782493184
1542150825937616896
1542089428365107200
1543178622969815040
1543385694487330816
1543507650289303552
1543530727874101248
1543687779233812480
1543862807027916800
1544243539571269632
1545929531348901888
1545821338882957312
1545586362107269120
1546964887041105920
1546895205911203840
1546898220160368640
1546968268593831936
1549657573871304704
1550098078119739392
1551581609723416576
1551328418385612800
1551494694198190080
1551666783886708736
1553650806087376896
1553776774927962112
1553863005523349504
1554009259712593920
1554760760655478784
1556269883884724224
1557252384157569024
1557689332093394944
1557463867042717696
1557468411399118848
1557721911685222400
1558139375275360256
1558497562549964800
1559270033032941568
1559824755976536064
1560898154551279616
1560175823881134080
1561249712174407680
1560972823388094464
1562122300635418624
1562824957406904320
1563267498488635392
1563949584887447552
1563991363657531392
1564071972648222720
1564673157117743104
